{
  "distance_matrix": [
    [
      0.0,
      1647.0,
      2150.0,
      1931.0,
      2422.0,
      2458.0,
      2819.0,
      2413.0,
      2464.0,
      2838.0,
      1162.0,
      1587.0,
      2193.0,
      1668.0,
      3348.0,
      1943.0,
      1730.0,
      757.0,
      1292.0,
      1705.0,
      2071.0,
      2553.0,
      2102.0,
      2129.0,
      1918.0,
      1297.0,
      1725.0,
      1999.0,
      1375.0,
      2447.0,
      2418.0,
      1981.0,
      1194.0,
      2226.0,
      1818.0
    ],
    [
      1647.0,
      0.0,
      1152.0,
      1380.0,
      1858.0,
      1597.0,
      1715.0,
      2271.0,
      1478.0,
      2376.0,
      823.0,
      1069.0,
      2456.0,
      1821.0,
      2090.0,
      1836.0,
      2057.0,
      1415.0,
      1638.0,
      1950.0,
      2377.0,
      1794.0,
      1620.0,
      2516.0,
      1625.0,
      1115.0,
      1700.0,
      1512.0,
      1393.0,
      2292.0,
      2636.0,
      3254.0,
      2213.0,
      2049.0,
      1943.0
    ],
    [
      2150.0,
      1152.0,
      0.0,
      2650.0,
      2092.0,
      1384.0,
      1914.0,
      1953.0,
      1607.0,
      1702.0,
      1803.0,
      2468.0,
      1951.0,
      1750.0,
      2062.0,
      2346.0,
      1314.0,
      2907.0,
      2215.0,
      2692.0,
      929.0,
      1696.0,
      2109.0,
      1838.0,
      1425.0,
      2534.0,
      2138.0,
      1273.0,
      2269.0,
      1581.0,
      1734.0,
      2461.0,
      2024.0,
      1076.0,
      1552.0
    ],
    [
      1931.0,
      1380.0,
      2650.0,
      0.0,
      1889.0,
      880.0,
      1282.0,
      1984.0,
      1723.0,
      2152.0,
      1824.0,
      1959.0,
      1385.0,
      2281.0,
      2158.0,
      1795.0,
      1989.0,
      1253.0,
      2713.0,
      1874.0,
      2033.0,
      1725.0,
      1604.0,
      2646.0,
      1860.0,
      2079.0,
      1795.0,
      1647.0,
      2683.0,
      1604.0,
      1886.0,
      1167.0,
      2368.0,
      1915.0,
      1137.0
    ],
    [
      2422.0,
      1858.0,
      2092.0,
      1889.0,
      0.0,
      1358.0,
      2522.0,
      1394.0,
      1841.0,
      1399.0,
      1669.0,
      2686.0,
      1454.0,
      1038.0,
      1512.0,
      1401.0,
      1521.0,
      2003.0,
      2993.0,
      1758.0,
      1895.0,
      2225.0,
      1887.0,
      1451.0,
      1992.0,
      2036.0,
      2554.0,
      2234.0,
      2927.0,
      2456.0,
      2669.0,
      908.0,
      2307.0,
      2241.0,
      1511.0
    ],
    [
      2458.0,
      1597.0,
      1384.0,
      880.0,
      1358.0,
      0.0,
      2903.0,
      2544.0,
      1149.0,
      2255.0,
      2717.0,
      1544.0,
      1380.0,
      1715.0,
      2217.0,
      1105.0,
      2859.0,
      1524.0,
      1918.0,
      1906.0,
      1776.0,
      2223.0,
      1828.0,
      2346.0,
      1840.0,
      2057.0,
      1771.0,
      2010.0,
      1488.0,
      2843.0,
      1959.0,
      1157.0,
      1830.0,
      2499.0,
      1779.0
    ],
    [
      2819.0,
      1715.0,
      1914.0,
      1282.0,
      2522.0,
      2903.0,
      0.0,
      2401.0,
      1696.0,
      1595.0,
      2205.0,
      1663.0,
      1749.0,
      2668.0,
      2685.0,
      3206.0,
      1619.0,
      2187.0,
      1856.0,
      2553.0,
      2330.0,
      1726.0,
      1924.0,
      1964.0,
      1909.0,
      1760.0,
      1576.0,
      2162.0,
      2607.0,
      1503.0,
      1362.0,
      1829.0,
      1554.0,
      2229.0,
      2159.0
    ],
    [
      2413.0,
      2271.0,
      1953.0,
      1984.0,
      1394.0,
      2544.0,
      2401.0,
      0.0,
      2334.0,
      1552.0,
      2540.0,
      1328.0,
      1652.0,
      2357.0,
      1854.0,
      1983.0,
      1288.0,
      1421.0,
      2459.0,
      1607.0,
      1773.0,
      2762.0,
      1579.0,
      1873.0,
      1637.0,
      1357.0,
      1882.0,
      1909.0,
      1217.0,
      993.0,
      2353.0,
      2499.0,
      2344.0,
      2031.0,
      2338.0
    ],
    [
      2464.0,
      1478.0,
      1607.0,
      1723.0,
      1841.0,
      1149.0,
      1696.0,
      2334.0,
      0.0,
      1705.0,
      2411.0,
      952.0,
      2606.0,
      2367.0,
      2382.0,
      1859.0,
      2507.0,
      1290.0,
      3901.0,
      2115.0,
      1980.0,
      2641.0,
      2506.0,
      2019.0,
      1501.0,
      1190.0,
      2252.0,
      1949.0,
      2034.0,
      2694.0,
      2961.0,
      1920.0,
      1950.0,
      2247.0,
      1977.0
    ],
    [
      2838.0,
      2376.0,
      1702.0,
      2152.0,
      1399.0,
      2255.0,
      1595.0,
      1552.0,
      1705.0,
      0.0,
      2664.0,
      1647.0,
      1506.0,
      2181.0,
      2367.0,
      1428.0,
      2178.0,
      1896.0,
      2614.0,
      2110.0,
      2427.0,
      1790.0,
      2423.0,
      1889.0,
      2328.0,
      2765.0,
      2538.0,
      2654.0,
      759.0,
      1882.0,
      2613.0,
      2847.0,
      2395.0,
      1432.0,
      1881.0
    ],
    [
      1162.0,
      823.0,
      1803.0,
      1824.0,
      1669.0,
      2717.0,
      2205.0,
      2540.0,
      2411.0,
      2664.0,
      0.0,
      1849.0,
      2728.0,
      2177.0,
      2100.0,
      1377.0,
      1841.0,
      1082.0,
      1500.0,
      1763.0,
      1637.0,
      2738.0,
      2982.0,
      1520.0,
      1957.0,
      2388.0,
      1302.0,
      1371.0,
      2287.0,
      1703.0,
      2506.0,
      1587.0,
      1599.0,
      1270.0,
      1589.0
    ],
    [
      1587.0,
      1069.0,
      2468.0,
      1959.0,
      2686.0,
      1544.0,
      1663.0,
      1328.0,
      952.0,
      1647.0,
      1849.0,
      0.0,
      1600.0,
      1533.0,
      1896.0,
      1918.0,
      2998.0,
      2031.0,
      1599.0,
      1784.0,
      2101.0,
      1780.0,
      3018.0,
      2192.0,
      1147.0,
      2055.0,
      2237.0,
      2680.0,
      2148.0,
      2010.0,
      1087.0,
      1659.0,
      1754.0,
      1958.0,
      2431.0
    ],
    [
      2193.0,
      2456.0,
      1951.0,
      1385.0,
      1454.0,
      1380.0,
      1749.0,
      1652.0,
      2606.0,
      1506.0,
      2728.0,
      1600.0,
      0.0,
      1633.0,
      3116.0,
      2356.0,
      1588.0,
      1517.0,
      2081.0,
      2804.0,
      1963.0,
      1610.0,
      3007.0,
      1381.0,
      2070.0,
      2475.0,
      2196.0,
      2377.0,
      1310.0,
      1868.0,
      2438.0,
      1748.0,
      1452.0,
      1871.0,
      1666.0
    ],
    [
      1668.0,
      1821.0,
      1750.0,
      2281.0,
      1038.0,
      1715.0,
      2668.0,
      2357.0,
      2367.0,
      2181.0,
      2177.0,
      1533.0,
      1633.0,
      0.0,
      2653.0,
      1859.0,
      1141.0,
      1637.0,
      2105.0,
      1799.0,
      2471.0,
      2228.0,
      2478.0,
      2436.0,
      2395.0,
      1244.0,
      1401.0,
      2017.0,
      1320.0,
      1740.0,
      1989.0,
      1495.0,
      2157.0,
      2677.0,
      2389.0
    ],
    [
      3348.0,
      2090.0,
      2062.0,
      2158.0,
      1512.0,
      2217.0,
      2685.0,
      1854.0,
      2382.0,
      2367.0,
      2100.0,
      1896.0,
      3116.0,
      2653.0,
      0.0,
      1900.0,
      1050.0,
      1632.0,
      2523.0,
      2655.0,
      800.0,
      2442.0,
      1944.0,
      2320.0,
      2004.0,
      3059.0,
      2584.0,
      1925.0,
      2471.0,
      2304.0,
      2531.0,
      2066.0,
      1683.0,
      1728.0,
      1904.0
    ],
    [
      1943.0,
      1836.0,
      2346.0,
      1795.0,
      1401.0,
      1105.0,
      3206.0,
      1983.0,
      1859.0,
      1428.0,
      1377.0,
      1918.0,
      2356.0,
      1859.0,
      1900.0,
      0.0,
      2460.0,
      1906.0,
      3144.0,
      930.0,
      2174.0,
      1403.0,
      2004.0,
      2073.0,
      1708.0,
      2232.0,
      2097.0,
      1199.0,
      1505.0,
      1653.0,
      2182.0,
      2681.0,
      1915.0,
      2249.0,
      1850.0
    ],
    [
      1730.0,
      2057.0,
      1314.0,
      1989.0,
      1521.0,
      2859.0,
      1619.0,
      1288.0,
      2507.0,
      2178.0,
      1841.0,
      2998.0,
      1588.0,
      1141.0,
      1050.0,
      2460.0,
      0.0,
      2446.0,
      1253.0,
      1521.0,
      1416.0,
      2098.0,
      2921.0,
      2636.0,
      1939.0,
      1954.0,
      1593.0,
      2094.0,
      2208.0,
      1884.0,
      1674.0,
      2719.0,
      2772.0,
      2190.0,
      904.0
    ],
    [
      757.0,
      1415.0,
      2907.0,
      1253.0,
      2003.0,
      1524.0,
      2187.0,
      1421.0,
      1290.0,
      1896.0,
      1082.0,
      2031.0,
      1517.0,
      1637.0,
      1632.0,
      1906.0,
      2446.0,
      0.0,
      1620.0,
      1779.0,
      2571.0,
      1640.0,
      1146.0,
      1743.0,
      2352.0,
      2066.0,
      2050.0,
      2553.0,
      1540.0,
      2158.0,
      1943.0,
      2404.0,
      1795.0,
      1846.0,
      2046.0
    ],
    [
      1292.0,
      1638.0,
      2215.0,
      2713.0,
      2993.0,
      1918.0,
      1856.0,
      2459.0,
      3901.0,
      2614.0,
      1500.0,
      1599.0,
      2081.0,
      2105.0,
      2523.0,
      3144.0,
      1253.0,
      1620.0,
      0.0,
      2402.0,
      2393.0,
      1268.0,
      2464.0,
      2237.0,
      2014.0,
      1339.0,
      2692.0,
      1321.0,
      2866.0,
      2187.0,
      2374.0,
      1853.0,
      1946.0,
      2150.0,
      1687.0
    ],
    [
      1705.0,
      1950.0,
      2692.0,
      1874.0,
      1758.0,
      1906.0,
      2553.0,
      1607.0,
      2115.0,
      2110.0,
      1763.0,
      1784.0,
      2804.0,
      1799.0,
      2655.0,
      930.0,
      1521.0,
      1779.0,
      2402.0,
      0.0,
      2370.0,
      2496.0,
      2566.0,
      2668.0,
      1641.0,
      1665.0,
      2157.0,
      2305.0,
      1896.0,
      1571.0,
      2608.0,
      1017.0,
      2352.0,
      2151.0,
      2326.0
    ],
    [
      2071.0,
      2377.0,
      929.0,
      2033.0,
      1895.0,
      1776.0,
      2330.0,
      1773.0,
      1980.0,
      2427.0,
      1637.0,
      2101.0,
      1963.0,
      2471.0,
      800.0,
      2174.0,
      1416.0,
      2571.0,
      2393.0,
      2370.0,
      0.0,
      1522.0,
      2581.0,
      1826.0,
      558.0,
      2398.0,
      2260.0,
      2665.0,
      2415.0,
      1838.0,
      1490.0,
      1684.0,
      3136.0,
      2648.0,
      1808.0
    ],
    [
      2553.0,
      1794.0,
      1696.0,
      1725.0,
      2225.0,
      2223.0,
      1726.0,
      2762.0,
      2641.0,
      1790.0,
      2738.0,
      1780.0,
      1610.0,
      2228.0,
      2442.0,
      1403.0,
      2098.0,
      1640.0,
      1268.0,
      2496.0,
      1522.0,
      0.0,
      1645.0,
      1782.0,
      2076.0,
      1486.0,
      1225.0,
      1834.0,
      3394.0,
      2022.0,
      2139.0,
      1785.0,
      1927.0,
      2516.0,
      2802.0
    ],
    [
      2102.0,
      1620.0,
      2109.0,
      1604.0,
      1887.0,
      1828.0,
      1924.0,
      1579.0,
      2506.0,
      2423.0,
      2982.0,
      3018.0,
      3007.0,
      2478.0,
      1944.0,
      2004.0,
      2921.0,
      1146.0,
      2464.0,
      2566.0,
      2581.0,
      1645.0,
      0.0,
      2427.0,
      2299.0,
      1905.0,
      1850.0,
      2357.0,
      1959.0,
      1616.0,
      1634.0,
      2987.0,
      2496.0,
      2666.0,
      2856.0
    ],
    [
      2129.0,
      2516.0,
      1838.0,
      2646.0,
      1451.0,
      2346.0,
      1964.0,
      1873.0,
      2019.0,
      1889.0,
      1520.0,
      2192.0,
      1381.0,
      2436.0,
      2320.0,
      2073.0,
      2636.0,
      1743.0,
      2237.0,
      2668.0,
      1826.0,
      1782.0,
      2427.0,
      0.0,
      2251.0,
      1711.0,
      1452.0,
      2445.0,
      1752.0,
      2380.0,
      2144.0,
      1296.0,
      1431.0,
      2039.0,
      1415.0
    ],
    [
      1918.0,
      1625.0,
      1425.0,
      1860.0,
      1992.0,
      1840.0,
      1909.0,
      1637.0,
      1501.0,
      2328.0,
      1957.0,
      1147.0,
      2070.0,
      2395.0,
      2004.0,
      1708.0,
      1939.0,
      2352.0,
      2014.0,
      1641.0,
      558.0,
      2076.0,
      2299.0,
      2251.0,
      0.0,
      1683.0,
      2245.0,
      1737.0,
      2836.0,
      1649.0,
      1925.0,
      1737.0,
      1394.0,
      1981.0,
      1995.0
    ],
    [
      1297.0,
      1115.0,
      2534.0,
      2079.0,
      2036.0,
      2057.0,
      1760.0,
      1357.0,
      1190.0,
      2765.0,
      2388.0,
      2055.0,
      2475.0,
      1244.0,
      3059.0,
      2232.0,
      1954.0,
      2066.0,
      1339.0,
      1665.0,
      2398.0,
      1486.0,
      1905.0,
      1711.0,
      1683.0,
      0.0,
      1544.0,
      1996.0,
      1557.0,
      782.0,
      2597.0,
      1943.0,
      2763.0,
      1823.0,
      833.0
    ],
    [
      1725.0,
      1700.0,
      2138.0,
      1795.0,
      2554.0,
      1771.0,
      1576.0,
      1882.0,
      2252.0,
      2538.0,
      1302.0,
      2237.0,
      2196.0,
      1401.0,
      2584.0,
      2097.0,
      1593.0,
      2050.0,
      2692.0,
      2157.0,
      2260.0,
      1225.0,
      1850.0,
      1452.0,
      2245.0,
      1544.0,
      0.0,
      500.0,
      3362.0,
      2641.0,
      1243.0,
      2280.0,
      1966.0,
      1765.0,
      2278.0
    ],
    [
      1999.0,
      1512.0,
      1273.0,
      1647.0,
      2234.0,
      2010.0,
      2162.0,
      1909.0,
      1949.0,
      2654.0,
      1371.0,
      2680.0,
      2377.0,
      2017.0,
      1925.0,
      1199.0,
      2094.0,
      2553.0,
      1321.0,
      2305.0,
      2665.0,
      1834.0,
      2357.0,
      2445.0,
      1737.0,
      1996.0,
      500.0,
      0.0,
      2057.0,
      2002.0,
      1953.0,
      2577.0,
      1605.0,
      2710.0,
      2527.0
    ],
    [
      1375.0,
      1393.0,
      2269.0,
      2683.0,
      2927.0,
      1488.0,
      2607.0,
      1217.0,
      2034.0,
      759.0,
      2287.0,
      2148.0,
      1310.0,
      1320.0,
      2471.0,
      1505.0,
      2208.0,
      1540.0,
      2866.0,
      1896.0,
      2415.0,
      3394.0,
      1959.0,
      1752.0,
      2836.0,
      1557.0,
      3362.0,
      2057.0,
      0.0,
      2531.0,
      1973.0,
      1393.0,
      1861.0,
      1835.0,
      2095.0
    ],
    [
      2447.0,
      2292.0,
      1581.0,
      1604.0,
      2456.0,
      2843.0,
      1503.0,
      993.0,
      2694.0,
      1882.0,
      1703.0,
      2010.0,
      1868.0,
      1740.0,
      2304.0,
      1653.0,
      1884.0,
      2158.0,
      2187.0,
      1571.0,
      1838.0,
      2022.0,
      1616.0,
      2380.0,
      1649.0,
      782.0,
      2641.0,
      2002.0,
      2531.0,
      0.0,
      2409.0,
      2007.0,
      1688.0,
      1523.0,
      2185.0
    ],
    [
      2418.0,
      2636.0,
      1734.0,
      1886.0,
      2669.0,
      1959.0,
      1362.0,
      2353.0,
      2961.0,
      2613.0,
      2506.0,
      1087.0,
      2438.0,
      1989.0,
      2531.0,
      2182.0,
      1674.0,
      1943.0,
      2374.0,
      2608.0,
      1490.0,
      2139.0,
      1634.0,
      2144.0,
      1925.0,
      2597.0,
      1243.0,
      1953.0,
      1973.0,
      2409.0,
      0.0,
      2128.0,
      1976.0,
      1876.0,
      1445.0
    ],
    [
      1981.0,
      3254.0,
      2461.0,
      1167.0,
      908.0,
      1157.0,
      1829.0,
      2499.0,
      1920.0,
      2847.0,
      1587.0,
      1659.0,
      1748.0,
      1495.0,
      2066.0,
      2681.0,
      2719.0,
      2404.0,
      1853.0,
      1017.0,
      1684.0,
      1785.0,
      2987.0,
      1296.0,
      1737.0,
      1943.0,
      2280.0,
      2577.0,
      1393.0,
      2007.0,
      2128.0,
      0.0,
      2298.0,
      2407.0,
      2442.0
    ],
    [
      1194.0,
      2213.0,
      2024.0,
      2368.0,
      2307.0,
      1830.0,
      1554.0,
      2344.0,
      1950.0,
      2395.0,
      1599.0,
      1754.0,
      1452.0,
      2157.0,
      1683.0,
      1915.0,
      2772.0,
      1795.0,
      1946.0,
      2352.0,
      3136.0,
      1927.0,
      2496.0,
      1431.0,
      1394.0,
      2763.0,
      1966.0,
      1605.0,
      1861.0,
      1688.0,
      1976.0,
      2298.0,
      0.0,
      2105.0,
      2339.0
    ],
    [
      2226.0,
      2049.0,
      1076.0,
      1915.0,
      2241.0,
      2499.0,
      2229.0,
      2031.0,
      2247.0,
      1432.0,
      1270.0,
      1958.0,
      1871.0,
      2677.0,
      1728.0,
      2249.0,
      2190.0,
      1846.0,
      2150.0,
      2151.0,
      2648.0,
      2516.0,
      2666.0,
      2039.0,
      1981.0,
      1823.0,
      1765.0,
      2710.0,
      1835.0,
      1523.0,
      1876.0,
      2407.0,
      2105.0,
      0.0,
      1781.0
    ],
    [
      1818.0,
      1943.0,
      1552.0,
      1137.0,
      1511.0,
      1779.0,
      2159.0,
      2338.0,
      1977.0,
      1881.0,
      1589.0,
      2431.0,
      1666.0,
      2389.0,
      1904.0,
      1850.0,
      904.0,
      2046.0,
      1687.0,
      2326.0,
      1808.0,
      2802.0,
      2856.0,
      1415.0,
      1995.0,
      833.0,
      2278.0,
      2527.0,
      2095.0,
      2185.0,
      1445.0,
      2442.0,
      2339.0,
      1781.0,
      0.0
    ]
  ],
  "time_matrix": [
    [
      0,
      197,
      258,
      231,
      290,
      295,
      338,
      289,
      295,
      340,
      139,
      190,
      263,
      200,
      401,
      233,
      207,
      90,
      155,
      204,
      248,
      306,
      252,
      255,
      230,
      155,
      207,
      239,
      165,
      293,
      290,
      237,
      143,
      267,
      218
    ],
    [
      197,
      0,
      138,
      165,
      223,
      191,
      205,
      272,
      177,
      285,
      98,
      128,
      294,
      218,
      250,
      220,
      246,
      169,
      196,
      234,
      285,
      215,
      194,
      302,
      195,
      133,
      204,
      181,
      167,
      275,
      316,
      390,
      265,
      245,
      233
    ],
    [
      258,
      138,
      0,
      318,
      251,
      166,
      229,
      234,
      192,
      204,
      216,
      296,
      234,
      210,
      247,
      281,
      157,
      348,
      265,
      323,
      111,
      203,
      253,
      220,
      171,
      304,
      256,
      152,
      272,
      189,
      208,
      295,
      242,
      129,
      186
    ],
    [
      231,
      165,
      318,
      0,
      226,
      105,
      153,
      238,
      206,
      258,
      218,
      235,
      166,
      273,
      259,
      215,
      238,
      150,
      325,
      224,
      244,
      207,
      192,
      317,
      223,
      249,
      215,
      197,
      322,
      192,
      226,
      140,
      284,
      229,
      136
    ],
    [
      290,
      223,
      251,
      226,
      0,
      163,
      302,
      167,
      221,
      167,
      200,
      322,
      174,
      124,
      181,
      168,
      182,
      240,
      359,
      211,
      227,
      267,
      226,
      174,
      239,
      244,
      306,
      268,
      351,
      294,
      320,
      109,
      276,
      269,
      181
    ],
    [
      295,
      191,
      166,
      105,
      163,
      0,
      348,
      305,
      137,
      270,
      326,
      185,
      165,
      205,
      266,
      132,
      343,
      182,
      230,
      228,
      213,
      266,
      219,
      281,
      220,
      246,
      212,
      241,
      178,
      341,
      235,
      138,
      219,
      300,
      213
    ],
    [
      338,
      205,
      229,
      153,
      302,
      348,
      0,
      288,
      203,
      191,
      264,
      199,
      209,
      320,
      322,
      384,
      194,
      262,
      222,
      306,
      279,
      207,
      230,
      235,
      229,
      211,
      189,
      259,
      312,
      180,
      163,
      219,
      186,
      267,
      259
    ],
    [
      289,
      272,
      234,
      238,
      167,
      305,
      288,
      0,
      280,
      186,
      304,
      159,
      198,
      282,
      222,
      238,
      154,
      170,
      295,
      192,
      212,
      331,
      189,
      224,
      196,
      162,
      225,
      229,
      146,
      119,
      282,
      300,
      281,
      243,
      280
    ],
    [
      295,
      177,
      192,
      206,
      221,
      137,
      203,
      280,
      0,
      204,
      289,
      114,
      312,
      284,
      285,
      223,
      300,
      154,
      468,
      253,
      237,
      317,
      300,
      242,
      180,
      142,
      270,
      233,
      244,
      323,
      355,
      230,
      234,
      269,
      237
    ],
    [
      340,
      285,
      204,
      258,
      167,
      270,
      191,
      186,
      204,
      0,
      319,
      197,
      180,
      261,
      284,
      171,
      261,
      227,
      313,
      253,
      291,
      214,
      290,
      226,
      279,
      331,
      304,
      318,
      91,
      225,
      313,
      341,
      287,
      171,
      225
    ],
    [
      139,
      98,
      216,
      218,
      200,
      326,
      264,
      304,
      289,
      319,
      0,
      221,
      327,
      261,
      252,
      165,
      221,
      129,
      180,
      211,
      196,
      328,
      357,
      182,
      234,
      286,
      156,
      164,
      274,
      204,
      300,
      190,
      191,
      152,
      190
    ],
    [
      190,
      128,
      296,
      235,
      322,
      185,
      199,
      159,
      114,
      197,
      221,
      0,
      192,
      184,
      227,
      230,
      359,
      243,
      191,
      214,
      252,
      213,
      362,
      263,
      137,
      246,
      268,
      321,
      257,
      241,
      130,
      199,
      210,
      235,
      291
    ],
    [
      263,
      294,
      234,
      166,
      174,
      165,
      209,
      198,
      312,
      180,
      327,
      192,
      0,
      196,
      374,
      282,
      190,
      182,
      249,
      336,
      235,
      193,
      360,
      165,
      248,
      297,
      263,
      285,
      157,
      224,
      292,
      209,
      174,
      224,
      200
    ],
    [
      200,
      218,
      210,
      273,
      124,
      205,
      320,
      282,
      284,
      261,
      261,
      184,
      196,
      0,
      318,
      223,
      136,
      196,
      252,
      215,
      296,
      267,
      297,
      292,
      287,
      149,
      168,
      242,
      158,
      208,
      238,
      179,
      258,
      321,
      286
    ],
    [
      401,
      250,
      247,
      259,
      181,
      266,
      322,
      222,
      285,
      284,
      252,
      227,
      374,
      318,
      0,
      228,
      126,
      195,
      302,
      318,
      96,
      293,
      233,
      278,
      240,
      367,
      310,
      231,
      296,
      276,
      303,
      248,
      202,
      207,
      228
    ],
    [
      233,
      220,
      281,
      215,
      168,
      132,
      384,
      238,
      223,
      171,
      165,
      230,
      282,
      223,
      228,
      0,
      295,
      228,
      377,
      111,
      260,
      168,
      240,
      248,
      205,
      267,
      251,
      143,
      180,
      198,
      261,
      321,
      229,
      269,
      222
    ],
    [
      207,
      246,
      157,
      238,
      182,
      343,
      194,
      154,
      300,
      261,
      221,
      359,
      190,
      136,
      126,
      295,
      0,
      293,
      150,
      182,
      169,
      251,
      350,
      316,
      232,
      234,
      191,
      251,
      265,
      226,
      200,
      326,
      332,
      262,
      108
    ],
    [
      90,
      169,
      348,
      150,
      240,
      182,
      262,
      170,
      154,
      227,
      129,
      243,
      182,
      196,
      195,
      228,
      293,
      0,
      194,
      213,
      308,
      196,
      137,
      209,
      282,
      248,
      246,
      306,
      184,
      259,
      233,
      288,
      215,
      221,
      245
    ],
    [
      155,
      196,
      265,
      325,
      359,
      230,
      222,
      295,
      468,
      313,
      180,
      191,
      249,
      252,
      302,
      377,
      150,
      194,
      0,
      288,
      287,
      152,
      295,
      268,
      241,
      160,
      323,
      158,
      344,
      262,
      284,
      222,
      233,
      258,
      202
    ],
    [
      204,
      234,
      323,
      224,
      211,
      228,
      306,
      192,
      253,
      253,
      211,
      214,
      336,
      215,
      318,
      111,
      182,
      213,
      288,
      0,
      284,
      299,
      308,
      320,
      196,
      199,
      258,
      276,
      227,
      188,
      313,
      122,
      282,
      258,
      279
    ],
    [
      248,
      285,
      111,
      244,
      227,
      213,
      279,
      212,
      237,
      291,
      196,
      252,
      235,
      296,
      96,
      260,
      169,
      308,
      287,
      284,
      0,
      182,
      309,
      219,
      66,
      287,
      271,
      319,
      289,
      220,
      178,
      202,
      376,
      317,
      217
    ],
    [
      306,
      215,
      203,
      207,
      267,
      266,
      207,
      331,
      317,
      214,
      328,
      213,
      193,
      267,
      293,
      168,
      251,
      196,
      152,
      299,
      182,
      0,
      197,
      213,
      249,
      178,
      147,
      220,
      407,
      242,
      256,
      214,
      231,
      302,
      336
    ],
    [
      252,
      194,
      253,
      192,
      226,
      219,
      230,
      189,
      300,
      290,
      357,
      362,
      360,
      297,
      233,
      240,
      350,
      137,
      295,
      308,
      309,
      197,
      0,
      291,
      275,
      228,
      222,
      282,
      235,
      193,
      196,
      358,
      299,
      320,
      342
    ],
    [
      255,
      302,
      220,
      317,
      174,
      281,
      235,
      224,
      242,
      226,
      182,
      263,
      165,
      292,
      278,
      248,
      316,
      209,
      268,
      320,
      219,
      213,
      291,
      0,
      270,
      205,
      174,
      293,
      210,
      285,
      257,
      155,
      171,
      244,
      169
    ],
    [
      230,
      195,
      171,
      223,
      239,
      220,
      229,
      196,
      180,
      279,
      234,
      137,
      248,
      287,
      240,
      205,
      232,
      282,
      241,
      196,
      66,
      249,
      275,
      270,
      0,
      202,
      269,
      208,
      340,
      197,
      231,
      208,
      167,
      237,
      239
    ],
    [
      155,
      133,
      304,
      249,
      244,
      246,
      211,
      162,
      142,
      331,
      286,
      246,
      297,
      149,
      367,
      267,
      234,
      248,
      160,
      199,
      287,
      178,
      228,
      205,
      202,
      0,
      185,
      239,
      186,
      93,
      311,
      233,
      331,
      218,
      100
    ],
    [
      207,
      204,
      256,
      215,
      306,
      212,
      189,
      225,
      270,
      304,
      156,
      268,
      263,
      168,
      310,
      251,
      191,
      246,
      323,
      258,
      271,
      147,
      222,
      174,
      269,
      185,
      0,
      60,
      403,
      317,
      149,
      273,
      236,
      211,
      273
    ],
    [
      239,
      181,
      152,
      197,
      268,
      241,
      259,
      229,
      233,
      318,
      164,
      321,
      285,
      242,
      231,
      143,
      251,
      306,
      158,
      276,
      319,
      220,
      282,
      293,
      208,
      239,
      60,
      0,
      246,
      240,
      234,
      309,
      192,
      325,
      303
    ],
    [
      165,
      167,
      272,
      322,
      351,
      178,
      312,
      146,
      244,
      91,
      274,
      257,
      157,
      158,
      296,
      180,
      265,
      184,
      344,
      227,
      289,
      407,
      235,
      210,
      340,
      186,
      403,
      246,
      0,
      303,
      236,
      167,
      223,
      220,
      251
    ],
    [
      293,
      275,
      189,
      192,
      294,
      341,
      180,
      119,
      323,
      225,
      204,
      241,
      224,
      208,
      276,
      198,
      226,
      259,
      262,
      188,
      220,
      242,
      193,
      285,
      197,
      93,
      317,
      240,
      303,
      0,
      289,
      240,
      202,
      182,
      262
    ],
    [
      290,
      316,
      208,
      226,
      320,
      235,
      163,
      282,
      355,
      313,
      300,
      130,
      292,
      238,
      303,
      261,
      200,
      233,
      284,
      313,
      178,
      256,
      196,
      257,
      231,
      311,
      149,
      234,
      236,
      289,
      0,
      255,
      237,
      225,
      173
    ],
    [
      237,
      390,
      295,
      140,
      109,
      138,
      219,
      300,
      230,
      341,
      190,
      199,
      209,
      179,
      248,
      321,
      326,
      288,
      222,
      122,
      202,
      214,
      358,
      155,
      208,
      233,
      273,
      309,
      167,
      240,
      255,
      0,
      275,
      288,
      293
    ],
    [
      143,
      265,
      242,
      284,
      276,
      219,
      186,
      281,
      234,
      287,
      191,
      210,
      174,
      258,
      202,
      229,
      332,
      215,
      233,
      282,
      376,
      231,
      299,
      171,
      167,
      331,
      236,
      192,
      223,
      202,
      237,
      275,
      0,
      252,
      280
    ],
    [
      267,
      245,
      129,
      229,
      269,
      300,
      267,
      243,
      269,
      171,
      152,
      235,
      224,
      321,
      207,
      269,
      262,
      221,
      258,
      258,
      317,
      302,
      320,
      244,
      237,
      218,
      211,
      325,
      220,
      182,
      225,
      288,
      252,
      0,
      213
    ],
    [
      218,
      233,
      186,
      136,
      181,
      213,
      259,
      280,
      237,
      225,
      190,
      291,
      200,
      286,
      228,
      222,
      108,
      245,
      202,
      279,
      217,
      336,
      342,
      169,
      239,
      100,
      273,
      303,
      251,
      262,
      173,
      293,
      280,
      213,
      0
    ]
  ],
  "is_mock": true,
  "metadata": {
    "created_at": "2025-08-13T11:12:02.569173",
    "locations_count": 35,
    "api_requests": 0,
    "traffic_aware": false
  }
}