{
  "distance_matrix": [
    [
      0.0,
      3175.0,
      1435.0,
      1858.0,
      2142.0,
      1721.0,
      2482.0,
      1670.0,
      1811.0,
      1921.0,
      2803.0,
      2408.0,
      2283.0,
      1104.0,
      1814.0,
      1942.0,
      1898.0,
      2193.0,
      1722.0,
      1656.0,
      2253.0,
      1370.0,
      2016.0,
      2117.0,
      1125.0,
      2682.0,
      2614.0,
      1487.0,
      2310.0,
      1555.0,
      1802.0,
      2168.0,
      2342.0,
      1430.0,
      1634.0
    ],
    [
      3175.0,
      0.0,
      2308.0,
      2053.0,
      2504.0,
      2901.0,
      1540.0,
      1901.0,
      1818.0,
      2111.0,
      1931.0,
      2760.0,
      2285.0,
      1974.0,
      2185.0,
      2667.0,
      2324.0,
      2400.0,
      1800.0,
      2471.0,
      1139.0,
      1577.0,
      1766.0,
      2793.0,
      1643.0,
      2767.0,
      2018.0,
      2755.0,
      1726.0,
      1603.0,
      2580.0,
      2274.0,
      1565.0,
      983.0,
      1888.0
    ],
    [
      1435.0,
      2308.0,
      0.0,
      1622.0,
      2252.0,
      1396.0,
      1639.0,
      2037.0,
      1900.0,
      1802.0,
      1390.0,
      2303.0,
      1908.0,
      2266.0,
      2225.0,
      1837.0,
      2016.0,
      2563.0,
      2011.0,
      1393.0,
      1463.0,
      2126.0,
      2318.0,
      2368.0,
      2177.0,
      1464.0,
      2093.0,
      2166.0,
      1885.0,
      1275.0,
      1872.0,
      2265.0,
      1966.0,
      1581.0,
      2435.0
    ],
    [
      1858.0,
      2053.0,
      1622.0,
      0.0,
      1955.0,
      1759.0,
      2290.0,
      3437.0,
      1602.0,
      864.0,
      2409.0,
      1736.0,
      2540.0,
      2235.0,
      1703.0,
      1444.0,
      2074.0,
      2363.0,
      2206.0,
      2961.0,
      2568.0,
      1973.0,
      1673.0,
      2143.0,
      2484.0,
      1489.0,
      1304.0,
      2329.0,
      2035.0,
      1507.0,
      1909.0,
      1919.0,
      1471.0,
      978.0,
      1443.0
    ],
    [
      2142.0,
      2504.0,
      2252.0,
      1955.0,
      0.0,
      1926.0,
      2826.0,
      2291.0,
      1532.0,
      1867.0,
      2072.0,
      1690.0,
      974.0,
      2365.0,
      1960.0,
      1219.0,
      1525.0,
      2039.0,
      1925.0,
      2293.0,
      1398.0,
      2323.0,
      1116.0,
      2796.0,
      1656.0,
      2276.0,
      1837.0,
      2313.0,
      2588.0,
      2529.0,
      1947.0,
      1600.0,
      2516.0,
      2200.0,
      1661.0
    ],
    [
      1721.0,
      2901.0,
      1396.0,
      1759.0,
      1926.0,
      0.0,
      1941.0,
      1743.0,
      2284.0,
      1877.0,
      1665.0,
      2252.0,
      1292.0,
      3020.0,
      2458.0,
      2044.0,
      2732.0,
      1796.0,
      1663.0,
      1959.0,
      1764.0,
      2173.0,
      1217.0,
      2697.0,
      2008.0,
      2168.0,
      714.0,
      969.0,
      2233.0,
      2144.0,
      1230.0,
      2187.0,
      2100.0,
      2215.0,
      1999.0
    ],
    [
      2482.0,
      1540.0,
      1639.0,
      2290.0,
      2826.0,
      1941.0,
      0.0,
      2117.0,
      1230.0,
      2108.0,
      2834.0,
      1861.0,
      1448.0,
      1861.0,
      966.0,
      1135.0,
      1454.0,
      1156.0,
      1594.0,
      1506.0,
      1686.0,
      1837.0,
      1620.0,
      1368.0,
      1903.0,
      1756.0,
      1950.0,
      2218.0,
      2217.0,
      1832.0,
      1437.0,
      1806.0,
      2244.0,
      2372.0,
      1500.0
    ],
    [
      1670.0,
      1901.0,
      2037.0,
      3437.0,
      2291.0,
      1743.0,
      2117.0,
      0.0,
      1418.0,
      1734.0,
      1561.0,
      1702.0,
      1842.0,
      1214.0,
      1522.0,
      1793.0,
      1946.0,
      2515.0,
      2042.0,
      2185.0,
      1883.0,
      1504.0,
      1159.0,
      1718.0,
      2084.0,
      1956.0,
      1957.0,
      1420.0,
      1449.0,
      2136.0,
      2366.0,
      2154.0,
      2568.0,
      1723.0,
      2025.0
    ],
    [
      1811.0,
      1818.0,
      1900.0,
      1602.0,
      1532.0,
      2284.0,
      1230.0,
      1418.0,
      0.0,
      2890.0,
      2000.0,
      2271.0,
      2110.0,
      2559.0,
      2236.0,
      1654.0,
      1988.0,
      1662.0,
      1990.0,
      2133.0,
      1755.0,
      1673.0,
      2606.0,
      2041.0,
      1444.0,
      1786.0,
      1896.0,
      1873.0,
      2124.0,
      1486.0,
      1721.0,
      2413.0,
      2164.0,
      1651.0,
      916.0
    ],
    [
      1921.0,
      2111.0,
      1802.0,
      864.0,
      1867.0,
      1877.0,
      2108.0,
      1734.0,
      2890.0,
      0.0,
      2189.0,
      1720.0,
      1805.0,
      2270.0,
      978.0,
      2649.0,
      2490.0,
      1736.0,
      1170.0,
      2630.0,
      1988.0,
      1710.0,
      1533.0,
      2268.0,
      2103.0,
      2325.0,
      1091.0,
      1430.0,
      2248.0,
      1865.0,
      1738.0,
      2395.0,
      1502.0,
      2846.0,
      2645.0
    ],
    [
      2803.0,
      1931.0,
      1390.0,
      2409.0,
      2072.0,
      1665.0,
      2834.0,
      1561.0,
      2000.0,
      2189.0,
      0.0,
      1350.0,
      1348.0,
      2939.0,
      2921.0,
      2436.0,
      2078.0,
      2005.0,
      1793.0,
      2422.0,
      2426.0,
      2269.0,
      2112.0,
      2545.0,
      3243.0,
      1465.0,
      1739.0,
      1250.0,
      1901.0,
      2385.0,
      2292.0,
      1381.0,
      1440.0,
      1646.0,
      2025.0
    ],
    [
      2408.0,
      2760.0,
      2303.0,
      1736.0,
      1690.0,
      2252.0,
      1861.0,
      1702.0,
      2271.0,
      1720.0,
      1350.0,
      0.0,
      2101.0,
      1875.0,
      1550.0,
      1581.0,
      2793.0,
      1701.0,
      2116.0,
      2423.0,
      2146.0,
      2306.0,
      1802.0,
      2708.0,
      1736.0,
      2419.0,
      1906.0,
      875.0,
      3133.0,
      2716.0,
      2383.0,
      1479.0,
      1104.0,
      741.0,
      2959.0
    ],
    [
      2283.0,
      2285.0,
      1908.0,
      2540.0,
      974.0,
      1292.0,
      1448.0,
      1842.0,
      2110.0,
      1805.0,
      1348.0,
      2101.0,
      0.0,
      2599.0,
      1559.0,
      2321.0,
      1557.0,
      3042.0,
      2166.0,
      2149.0,
      1778.0,
      1038.0,
      1310.0,
      1285.0,
      2855.0,
      2018.0,
      2210.0,
      2210.0,
      1964.0,
      2633.0,
      2581.0,
      1848.0,
      2041.0,
      1860.0,
      3240.0
    ],
    [
      1104.0,
      1974.0,
      2266.0,
      2235.0,
      2365.0,
      3020.0,
      1861.0,
      1214.0,
      2559.0,
      2270.0,
      2939.0,
      1875.0,
      2599.0,
      0.0,
      2473.0,
      1984.0,
      1855.0,
      2045.0,
      1923.0,
      1513.0,
      2203.0,
      1302.0,
      2112.0,
      1571.0,
      2046.0,
      2787.0,
      2917.0,
      1830.0,
      2542.0,
      2185.0,
      1944.0,
      3095.0,
      785.0,
      1874.0,
      2620.0
    ],
    [
      1814.0,
      2185.0,
      2225.0,
      1703.0,
      1960.0,
      2458.0,
      966.0,
      1522.0,
      2236.0,
      978.0,
      2921.0,
      1550.0,
      1559.0,
      2473.0,
      0.0,
      2322.0,
      1943.0,
      1717.0,
      1888.0,
      2394.0,
      2589.0,
      1794.0,
      1889.0,
      2559.0,
      1801.0,
      1598.0,
      1962.0,
      2802.0,
      1813.0,
      1762.0,
      808.0,
      2807.0,
      1169.0,
      2168.0,
      1734.0
    ],
    [
      1942.0,
      2667.0,
      1837.0,
      1444.0,
      1219.0,
      2044.0,
      1135.0,
      1793.0,
      1654.0,
      2649.0,
      2436.0,
      1581.0,
      2321.0,
      1984.0,
      2322.0,
      0.0,
      2213.0,
      2429.0,
      1957.0,
      1571.0,
      2024.0,
      1936.0,
      1608.0,
      2405.0,
      2609.0,
      991.0,
      1367.0,
      2165.0,
      3320.0,
      2347.0,
      2533.0,
      2569.0,
      1424.0,
      2292.0,
      1270.0
    ],
    [
      1898.0,
      2324.0,
      2016.0,
      2074.0,
      1525.0,
      2732.0,
      1454.0,
      1946.0,
      1988.0,
      2490.0,
      2078.0,
      2793.0,
      1557.0,
      1855.0,
      1943.0,
      2213.0,
      0.0,
      2335.0,
      1620.0,
      2212.0,
      1468.0,
      2268.0,
      1282.0,
      3250.0,
      2060.0,
      2109.0,
      2060.0,
      1643.0,
      2954.0,
      2659.0,
      2219.0,
      2806.0,
      2364.0,
      1971.0,
      1816.0
    ],
    [
      2193.0,
      2400.0,
      2563.0,
      2363.0,
      2039.0,
      1796.0,
      1156.0,
      2515.0,
      1662.0,
      1736.0,
      2005.0,
      1701.0,
      3042.0,
      2045.0,
      1717.0,
      2429.0,
      2335.0,
      0.0,
      2225.0,
      1783.0,
      1594.0,
      1687.0,
      2620.0,
      2291.0,
      2549.0,
      1720.0,
      1605.0,
      1921.0,
      2019.0,
      3517.0,
      1393.0,
      1566.0,
      1624.0,
      2235.0,
      1729.0
    ],
    [
      1722.0,
      1800.0,
      2011.0,
      2206.0,
      1925.0,
      1663.0,
      1594.0,
      2042.0,
      1990.0,
      1170.0,
      1793.0,
      2116.0,
      2166.0,
      1923.0,
      1888.0,
      1957.0,
      1620.0,
      2225.0,
      0.0,
      2692.0,
      1871.0,
      1490.0,
      1658.0,
      1772.0,
      2316.0,
      2101.0,
      2527.0,
      2258.0,
      2901.0,
      1714.0,
      2080.0,
      2178.0,
      1671.0,
      2233.0,
      2392.0
    ],
    [
      1656.0,
      2471.0,
      1393.0,
      2961.0,
      2293.0,
      1959.0,
      1506.0,
      2185.0,
      2133.0,
      2630.0,
      2422.0,
      2423.0,
      2149.0,
      1513.0,
      2394.0,
      1571.0,
      2212.0,
      1783.0,
      2692.0,
      0.0,
      2487.0,
      2071.0,
      1912.0,
      1401.0,
      2198.0,
      1425.0,
      1748.0,
      1833.0,
      2246.0,
      2132.0,
      1804.0,
      951.0,
      1515.0,
      1842.0,
      2245.0
    ],
    [
      2253.0,
      1139.0,
      1463.0,
      2568.0,
      1398.0,
      1764.0,
      1686.0,
      1883.0,
      1755.0,
      1988.0,
      2426.0,
      2146.0,
      1778.0,
      2203.0,
      2589.0,
      2024.0,
      1468.0,
      1594.0,
      1871.0,
      2487.0,
      0.0,
      1041.0,
      2626.0,
      2567.0,
      1780.0,
      1948.0,
      1810.0,
      2054.0,
      1971.0,
      1993.0,
      2250.0,
      1373.0,
      1755.0,
      2721.0,
      2173.0
    ],
    [
      1370.0,
      1577.0,
      2126.0,
      1973.0,
      2323.0,
      2173.0,
      1837.0,
      1504.0,
      1673.0,
      1710.0,
      2269.0,
      2306.0,
      1038.0,
      1302.0,
      1794.0,
      1936.0,
      2268.0,
      1687.0,
      1490.0,
      2071.0,
      1041.0,
      0.0,
      1910.0,
      2206.0,
      2483.0,
      1637.0,
      2288.0,
      2444.0,
      1885.0,
      2116.0,
      2379.0,
      2574.0,
      1478.0,
      3045.0,
      2440.0
    ],
    [
      2016.0,
      1766.0,
      2318.0,
      1673.0,
      1116.0,
      1217.0,
      1620.0,
      1159.0,
      2606.0,
      1533.0,
      2112.0,
      1802.0,
      1310.0,
      2112.0,
      1889.0,
      1608.0,
      1282.0,
      2620.0,
      1658.0,
      1912.0,
      2626.0,
      1910.0,
      0.0,
      813.0,
      1511.0,
      1920.0,
      2512.0,
      2087.0,
      2306.0,
      1189.0,
      1567.0,
      1430.0,
      1588.0,
      1799.0,
      2672.0
    ],
    [
      2117.0,
      2793.0,
      2368.0,
      2143.0,
      2796.0,
      2697.0,
      1368.0,
      1718.0,
      2041.0,
      2268.0,
      2545.0,
      2708.0,
      1285.0,
      1571.0,
      2559.0,
      2405.0,
      3250.0,
      2291.0,
      1772.0,
      1401.0,
      2567.0,
      2206.0,
      813.0,
      0.0,
      1961.0,
      1424.0,
      2291.0,
      1949.0,
      2544.0,
      2044.0,
      1533.0,
      1985.0,
      2204.0,
      1486.0,
      1921.0
    ],
    [
      1125.0,
      1643.0,
      2177.0,
      2484.0,
      1656.0,
      2008.0,
      1903.0,
      2084.0,
      1444.0,
      2103.0,
      3243.0,
      1736.0,
      2855.0,
      2046.0,
      1801.0,
      2609.0,
      2060.0,
      2549.0,
      2316.0,
      2198.0,
      1780.0,
      2483.0,
      1511.0,
      1961.0,
      0.0,
      2494.0,
      2711.0,
      1941.0,
      2240.0,
      2105.0,
      1519.0,
      2024.0,
      2725.0,
      2245.0,
      1120.0
    ],
    [
      2682.0,
      2767.0,
      1464.0,
      1489.0,
      2276.0,
      2168.0,
      1756.0,
      1956.0,
      1786.0,
      2325.0,
      1465.0,
      2419.0,
      2018.0,
      2787.0,
      1598.0,
      991.0,
      2109.0,
      1720.0,
      2101.0,
      1425.0,
      1948.0,
      1637.0,
      1920.0,
      1424.0,
      2494.0,
      0.0,
      2455.0,
      2183.0,
      1596.0,
      2721.0,
      1740.0,
      1177.0,
      1887.0,
      2225.0,
      2200.0
    ],
    [
      2614.0,
      2018.0,
      2093.0,
      1304.0,
      1837.0,
      714.0,
      1950.0,
      1957.0,
      1896.0,
      1091.0,
      1739.0,
      1906.0,
      2210.0,
      2917.0,
      1962.0,
      1367.0,
      2060.0,
      1605.0,
      2527.0,
      1748.0,
      1810.0,
      2288.0,
      2512.0,
      2291.0,
      2711.0,
      2455.0,
      0.0,
      1995.0,
      1601.0,
      1617.0,
      1318.0,
      1890.0,
      2186.0,
      1996.0,
      1856.0
    ],
    [
      1487.0,
      2755.0,
      2166.0,
      2329.0,
      2313.0,
      969.0,
      2218.0,
      1420.0,
      1873.0,
      1430.0,
      1250.0,
      875.0,
      2210.0,
      1830.0,
      2802.0,
      2165.0,
      1643.0,
      1921.0,
      2258.0,
      1833.0,
      2054.0,
      2444.0,
      2087.0,
      1949.0,
      1941.0,
      2183.0,
      1995.0,
      0.0,
      2131.0,
      1250.0,
      2201.0,
      2407.0,
      1808.0,
      1454.0,
      1925.0
    ],
    [
      2310.0,
      1726.0,
      1885.0,
      2035.0,
      2588.0,
      2233.0,
      2217.0,
      1449.0,
      2124.0,
      2248.0,
      1901.0,
      3133.0,
      1964.0,
      2542.0,
      1813.0,
      3320.0,
      2954.0,
      2019.0,
      2901.0,
      2246.0,
      1971.0,
      1885.0,
      2306.0,
      2544.0,
      2240.0,
      1596.0,
      1601.0,
      2131.0,
      0.0,
      2255.0,
      1913.0,
      1977.0,
      1921.0,
      2077.0,
      2162.0
    ],
    [
      1555.0,
      1603.0,
      1275.0,
      1507.0,
      2529.0,
      2144.0,
      1832.0,
      2136.0,
      1486.0,
      1865.0,
      2385.0,
      2716.0,
      2633.0,
      2185.0,
      1762.0,
      2347.0,
      2659.0,
      3517.0,
      1714.0,
      2132.0,
      1993.0,
      2116.0,
      1189.0,
      2044.0,
      2105.0,
      2721.0,
      1617.0,
      1250.0,
      2255.0,
      0.0,
      2976.0,
      2072.0,
      500.0,
      1930.0,
      2372.0
    ],
    [
      1802.0,
      2580.0,
      1872.0,
      1909.0,
      1947.0,
      1230.0,
      1437.0,
      2366.0,
      1721.0,
      1738.0,
      2292.0,
      2383.0,
      2581.0,
      1944.0,
      808.0,
      2533.0,
      2219.0,
      1393.0,
      2080.0,
      1804.0,
      2250.0,
      2379.0,
      1567.0,
      1533.0,
      1519.0,
      1740.0,
      1318.0,
      2201.0,
      1913.0,
      2976.0,
      0.0,
      2403.0,
      2777.0,
      1874.0,
      2274.0
    ],
    [
      2168.0,
      2274.0,
      2265.0,
      1919.0,
      1600.0,
      2187.0,
      1806.0,
      2154.0,
      2413.0,
      2395.0,
      1381.0,
      1479.0,
      1848.0,
      3095.0,
      2807.0,
      2569.0,
      2806.0,
      1566.0,
      2178.0,
      951.0,
      1373.0,
      2574.0,
      1430.0,
      1985.0,
      2024.0,
      1177.0,
      1890.0,
      2407.0,
      1977.0,
      2072.0,
      2403.0,
      0.0,
      2226.0,
      1311.0,
      2256.0
    ],
    [
      2342.0,
      1565.0,
      1966.0,
      1471.0,
      2516.0,
      2100.0,
      2244.0,
      2568.0,
      2164.0,
      1502.0,
      1440.0,
      1104.0,
      2041.0,
      785.0,
      1169.0,
      1424.0,
      2364.0,
      1624.0,
      1671.0,
      1515.0,
      1755.0,
      1478.0,
      1588.0,
      2204.0,
      2725.0,
      1887.0,
      2186.0,
      1808.0,
      1921.0,
      500.0,
      2777.0,
      2226.0,
      0.0,
      1959.0,
      2073.0
    ],
    [
      1430.0,
      983.0,
      1581.0,
      978.0,
      2200.0,
      2215.0,
      2372.0,
      1723.0,
      1651.0,
      2846.0,
      1646.0,
      741.0,
      1860.0,
      1874.0,
      2168.0,
      2292.0,
      1971.0,
      2235.0,
      2233.0,
      1842.0,
      2721.0,
      3045.0,
      1799.0,
      1486.0,
      2245.0,
      2225.0,
      1996.0,
      1454.0,
      2077.0,
      1930.0,
      1874.0,
      1311.0,
      1959.0,
      0.0,
      2257.0
    ],
    [
      1634.0,
      1888.0,
      2435.0,
      1443.0,
      1661.0,
      1999.0,
      1500.0,
      2025.0,
      916.0,
      2645.0,
      2025.0,
      2959.0,
      3240.0,
      2620.0,
      1734.0,
      1270.0,
      1816.0,
      1729.0,
      2392.0,
      2245.0,
      2173.0,
      2440.0,
      2672.0,
      1921.0,
      1120.0,
      2200.0,
      1856.0,
      1925.0,
      2162.0,
      2372.0,
      2274.0,
      2256.0,
      2073.0,
      2257.0,
      0.0
    ]
  ],
  "time_matrix": [
    [
      0,
      381,
      172,
      223,
      257,
      206,
      297,
      200,
      217,
      230,
      336,
      289,
      274,
      132,
      217,
      233,
      227,
      263,
      206,
      198,
      270,
      164,
      242,
      254,
      135,
      321,
      313,
      178,
      277,
      186,
      216,
      260,
      281,
      171,
      196
    ],
    [
      381,
      0,
      277,
      246,
      300,
      348,
      184,
      228,
      218,
      253,
      231,
      331,
      274,
      236,
      262,
      320,
      278,
      288,
      216,
      296,
      136,
      189,
      212,
      335,
      197,
      332,
      242,
      330,
      207,
      192,
      309,
      272,
      187,
      118,
      226
    ],
    [
      172,
      277,
      0,
      194,
      270,
      167,
      196,
      244,
      228,
      216,
      166,
      276,
      229,
      272,
      267,
      220,
      242,
      307,
      241,
      167,
      175,
      255,
      278,
      284,
      261,
      175,
      251,
      260,
      226,
      153,
      224,
      271,
      236,
      189,
      292
    ],
    [
      223,
      246,
      194,
      0,
      234,
      211,
      274,
      412,
      192,
      103,
      289,
      208,
      304,
      268,
      204,
      173,
      248,
      283,
      264,
      355,
      308,
      236,
      200,
      257,
      298,
      178,
      156,
      279,
      244,
      180,
      229,
      230,
      176,
      117,
      173
    ],
    [
      257,
      300,
      270,
      234,
      0,
      231,
      339,
      275,
      183,
      224,
      248,
      202,
      116,
      283,
      235,
      146,
      183,
      244,
      231,
      275,
      167,
      278,
      133,
      335,
      198,
      273,
      220,
      277,
      310,
      303,
      233,
      192,
      302,
      264,
      199
    ],
    [
      206,
      348,
      167,
      211,
      231,
      0,
      233,
      209,
      274,
      225,
      199,
      270,
      155,
      362,
      295,
      245,
      327,
      215,
      199,
      235,
      211,
      260,
      146,
      323,
      241,
      260,
      85,
      116,
      268,
      257,
      147,
      262,
      252,
      265,
      239
    ],
    [
      297,
      184,
      196,
      274,
      339,
      233,
      0,
      254,
      147,
      253,
      340,
      223,
      173,
      223,
      115,
      136,
      174,
      138,
      191,
      180,
      202,
      220,
      194,
      164,
      228,
      210,
      234,
      266,
      266,
      219,
      172,
      216,
      269,
      284,
      180
    ],
    [
      200,
      228,
      244,
      412,
      275,
      209,
      254,
      0,
      170,
      208,
      187,
      204,
      221,
      145,
      182,
      215,
      233,
      301,
      245,
      262,
      226,
      180,
      139,
      206,
      250,
      234,
      234,
      170,
      173,
      256,
      284,
      258,
      308,
      206,
      243
    ],
    [
      217,
      218,
      228,
      192,
      183,
      274,
      147,
      170,
      0,
      346,
      240,
      272,
      253,
      307,
      268,
      198,
      238,
      199,
      238,
      256,
      210,
      200,
      312,
      245,
      173,
      214,
      227,
      224,
      254,
      178,
      206,
      289,
      259,
      198,
      109
    ],
    [
      230,
      253,
      216,
      103,
      224,
      225,
      253,
      208,
      346,
      0,
      262,
      206,
      216,
      272,
      117,
      318,
      298,
      208,
      140,
      315,
      238,
      205,
      184,
      272,
      252,
      279,
      130,
      171,
      269,
      223,
      208,
      287,
      180,
      341,
      317
    ],
    [
      336,
      231,
      166,
      289,
      248,
      199,
      340,
      187,
      240,
      262,
      0,
      162,
      161,
      352,
      350,
      292,
      249,
      240,
      215,
      290,
      291,
      272,
      253,
      305,
      389,
      175,
      208,
      150,
      228,
      286,
      275,
      165,
      172,
      197,
      243
    ],
    [
      289,
      331,
      276,
      208,
      202,
      270,
      223,
      204,
      272,
      206,
      162,
      0,
      252,
      225,
      186,
      189,
      335,
      204,
      254,
      290,
      257,
      276,
      216,
      325,
      208,
      290,
      228,
      105,
      376,
      326,
      286,
      177,
      132,
      88,
      355
    ],
    [
      274,
      274,
      229,
      304,
      116,
      155,
      173,
      221,
      253,
      216,
      161,
      252,
      0,
      312,
      187,
      278,
      186,
      365,
      260,
      257,
      213,
      124,
      157,
      154,
      342,
      242,
      265,
      265,
      235,
      316,
      309,
      221,
      245,
      223,
      388
    ],
    [
      132,
      236,
      272,
      268,
      283,
      362,
      223,
      145,
      307,
      272,
      352,
      225,
      312,
      0,
      296,
      238,
      222,
      245,
      230,
      181,
      264,
      156,
      253,
      188,
      245,
      334,
      350,
      219,
      305,
      262,
      233,
      371,
      94,
      224,
      314
    ],
    [
      217,
      262,
      267,
      204,
      235,
      295,
      115,
      182,
      268,
      117,
      350,
      186,
      187,
      296,
      0,
      278,
      233,
      206,
      226,
      287,
      310,
      215,
      226,
      307,
      216,
      191,
      235,
      336,
      217,
      211,
      96,
      336,
      140,
      260,
      208
    ],
    [
      233,
      320,
      220,
      173,
      146,
      245,
      136,
      215,
      198,
      318,
      292,
      189,
      278,
      238,
      278,
      0,
      265,
      291,
      234,
      188,
      242,
      232,
      193,
      288,
      313,
      118,
      164,
      259,
      398,
      281,
      304,
      308,
      170,
      275,
      152
    ],
    [
      227,
      278,
      242,
      248,
      183,
      327,
      174,
      233,
      238,
      298,
      249,
      335,
      186,
      222,
      233,
      265,
      0,
      280,
      194,
      265,
      176,
      272,
      153,
      390,
      247,
      253,
      247,
      197,
      354,
      319,
      266,
      336,
      283,
      236,
      218
    ],
    [
      263,
      288,
      307,
      283,
      244,
      215,
      138,
      301,
      199,
      208,
      240,
      204,
      365,
      245,
      206,
      291,
      280,
      0,
      267,
      214,
      191,
      202,
      314,
      275,
      306,
      206,
      192,
      230,
      242,
      422,
      167,
      187,
      194,
      268,
      207
    ],
    [
      206,
      216,
      241,
      264,
      231,
      199,
      191,
      245,
      238,
      140,
      215,
      254,
      260,
      230,
      226,
      234,
      194,
      267,
      0,
      323,
      224,
      178,
      199,
      212,
      278,
      252,
      303,
      271,
      348,
      205,
      249,
      261,
      200,
      268,
      287
    ],
    [
      198,
      296,
      167,
      355,
      275,
      235,
      180,
      262,
      256,
      315,
      290,
      290,
      257,
      181,
      287,
      188,
      265,
      214,
      323,
      0,
      298,
      248,
      229,
      168,
      263,
      171,
      209,
      220,
      269,
      255,
      216,
      114,
      181,
      221,
      269
    ],
    [
      270,
      136,
      175,
      308,
      167,
      211,
      202,
      226,
      210,
      238,
      291,
      257,
      213,
      264,
      310,
      242,
      176,
      191,
      224,
      298,
      0,
      124,
      315,
      308,
      213,
      233,
      217,
      246,
      236,
      239,
      270,
      164,
      210,
      326,
      260
    ],
    [
      164,
      189,
      255,
      236,
      278,
      260,
      220,
      180,
      200,
      205,
      272,
      276,
      124,
      156,
      215,
      232,
      272,
      202,
      178,
      248,
      124,
      0,
      229,
      264,
      298,
      196,
      274,
      293,
      226,
      254,
      285,
      309,
      177,
      365,
      292
    ],
    [
      242,
      212,
      278,
      200,
      133,
      146,
      194,
      139,
      312,
      184,
      253,
      216,
      157,
      253,
      226,
      193,
      153,
      314,
      199,
      229,
      315,
      229,
      0,
      97,
      181,
      230,
      301,
      250,
      276,
      142,
      188,
      171,
      190,
      215,
      320
    ],
    [
      254,
      335,
      284,
      257,
      335,
      323,
      164,
      206,
      245,
      272,
      305,
      325,
      154,
      188,
      307,
      288,
      390,
      275,
      212,
      168,
      308,
      264,
      97,
      0,
      235,
      170,
      275,
      233,
      305,
      245,
      184,
      238,
      264,
      178,
      230
    ],
    [
      135,
      197,
      261,
      298,
      198,
      241,
      228,
      250,
      173,
      252,
      389,
      208,
      342,
      245,
      216,
      313,
      247,
      306,
      278,
      263,
      213,
      298,
      181,
      235,
      0,
      299,
      325,
      233,
      268,
      252,
      182,
      242,
      327,
      269,
      134
    ],
    [
      321,
      332,
      175,
      178,
      273,
      260,
      210,
      234,
      214,
      279,
      175,
      290,
      242,
      334,
      191,
      118,
      253,
      206,
      252,
      171,
      233,
      196,
      230,
      170,
      299,
      0,
      294,
      262,
      191,
      326,
      208,
      141,
      226,
      267,
      264
    ],
    [
      313,
      242,
      251,
      156,
      220,
      85,
      234,
      234,
      227,
      130,
      208,
      228,
      265,
      350,
      235,
      164,
      247,
      192,
      303,
      209,
      217,
      274,
      301,
      275,
      325,
      294,
      0,
      239,
      192,
      194,
      158,
      226,
      262,
      239,
      222
    ],
    [
      178,
      330,
      260,
      279,
      277,
      116,
      266,
      170,
      224,
      171,
      150,
      105,
      265,
      219,
      336,
      259,
      197,
      230,
      271,
      220,
      246,
      293,
      250,
      233,
      233,
      262,
      239,
      0,
      255,
      150,
      264,
      288,
      217,
      174,
      231
    ],
    [
      277,
      207,
      226,
      244,
      310,
      268,
      266,
      173,
      254,
      269,
      228,
      376,
      235,
      305,
      217,
      398,
      354,
      242,
      348,
      269,
      236,
      226,
      276,
      305,
      268,
      191,
      192,
      255,
      0,
      270,
      229,
      237,
      230,
      249,
      259
    ],
    [
      186,
      192,
      153,
      180,
      303,
      257,
      219,
      256,
      178,
      223,
      286,
      326,
      316,
      262,
      211,
      281,
      319,
      422,
      205,
      255,
      239,
      254,
      142,
      245,
      252,
      326,
      194,
      150,
      270,
      0,
      357,
      248,
      60,
      231,
      284
    ],
    [
      216,
      309,
      224,
      229,
      233,
      147,
      172,
      284,
      206,
      208,
      275,
      286,
      309,
      233,
      96,
      304,
      266,
      167,
      249,
      216,
      270,
      285,
      188,
      184,
      182,
      208,
      158,
      264,
      229,
      357,
      0,
      288,
      333,
      224,
      272
    ],
    [
      260,
      272,
      271,
      230,
      192,
      262,
      216,
      258,
      289,
      287,
      165,
      177,
      221,
      371,
      336,
      308,
      336,
      187,
      261,
      114,
      164,
      309,
      171,
      238,
      242,
      141,
      226,
      288,
      237,
      248,
      288,
      0,
      267,
      157,
      270
    ],
    [
      281,
      187,
      236,
      176,
      302,
      252,
      269,
      308,
      259,
      180,
      172,
      132,
      245,
      94,
      140,
      170,
      283,
      194,
      200,
      181,
      210,
      177,
      190,
      264,
      327,
      226,
      262,
      217,
      230,
      60,
      333,
      267,
      0,
      235,
      248
    ],
    [
      171,
      118,
      189,
      117,
      264,
      265,
      284,
      206,
      198,
      341,
      197,
      88,
      223,
      224,
      260,
      275,
      236,
      268,
      268,
      221,
      326,
      365,
      215,
      178,
      269,
      267,
      239,
      174,
      249,
      231,
      224,
      157,
      235,
      0,
      270
    ],
    [
      196,
      226,
      292,
      173,
      199,
      239,
      180,
      243,
      109,
      317,
      243,
      355,
      388,
      314,
      208,
      152,
      218,
      207,
      287,
      269,
      260,
      292,
      320,
      230,
      134,
      264,
      222,
      231,
      259,
      284,
      272,
      270,
      248,
      270,
      0
    ]
  ],
  "is_mock": true,
  "metadata": {
    "created_at": "2025-08-12T19:14:59.028394",
    "locations_count": 35,
    "api_requests": 0,
    "traffic_aware": false
  }
}