{
  "distance_matrix": [
    [
      0.0,
      1962.0,
      1063.0,
      1837.0,
      1273.0,
      1566.0,
      2180.0,
      2255.0,
      3029.0,
      1596.0,
      1792.0,
      2572.0,
      2205.0,
      3548.0,
      1052.0,
      1302.0,
      2140.0,
      1676.0,
      1680.0,
      3278.0,
      2659.0,
      1330.0,
      2602.0,
      2470.0,
      1602.0,
      1887.0,
      1809.0,
      2276.0,
      2737.0,
      1656.0,
      1890.0,
      2136.0,
      1619.0,
      1866.0,
      2355.0,
      1494.0,
      2703.0
    ],
    [
      1962.0,
      0.0,
      2502.0,
      2345.0,
      1851.0,
      852.0,
      1837.0,
      2909.0,
      2968.0,
      1886.0,
      2324.0,
      1143.0,
      1977.0,
      2345.0,
      1442.0,
      2655.0,
      1681.0,
      2241.0,
      1722.0,
      2452.0,
      3054.0,
      1479.0,
      2543.0,
      2253.0,
      2749.0,
      1541.0,
      2466.0,
      1633.0,
      2129.0,
      2547.0,
      1775.0,
      1694.0,
      2283.0,
      1777.0,
      2301.0,
      3125.0,
      2021.0
    ],
    [
      1063.0,
      2502.0,
      0.0,
      1406.0,
      1434.0,
      2153.0,
      2039.0,
      1393.0,
      1509.0,
      1970.0,
      2073.0,
      1312.0,
      3012.0,
      3072.0,
      1386.0,
      2037.0,
      2364.0,
      1873.0,
      2258.0,
      1597.0,
      1114.0,
      2684.0,
      1869.0,
      1902.0,
      1876.0,
      2180.0,
      2324.0,
      2395.0,
      2199.0,
      2868.0,
      2119.0,
      1909.0,
      2725.0,
      2260.0,
      2467.0,
      1562.0,
      1935.0
    ],
    [
      1837.0,
      2345.0,
      1406.0,
      0.0,
      1398.0,
      2241.0,
      1898.0,
      2136.0,
      2720.0,
      1596.0,
      2143.0,
      2052.0,
      2614.0,
      1878.0,
      1682.0,
      1646.0,
      2273.0,
      2360.0,
      2225.0,
      1750.0,
      2515.0,
      2301.0,
      2308.0,
      2022.0,
      1424.0,
      1873.0,
      1932.0,
      1949.0,
      2673.0,
      1918.0,
      2420.0,
      2293.0,
      2309.0,
      2376.0,
      1719.0,
      1113.0,
      945.0
    ],
    [
      1273.0,
      1851.0,
      1434.0,
      1398.0,
      0.0,
      1425.0,
      1774.0,
      2368.0,
      2809.0,
      2282.0,
      2415.0,
      2021.0,
      2202.0,
      2956.0,
      1751.0,
      2120.0,
      2022.0,
      1892.0,
      1459.0,
      2090.0,
      2084.0,
      1450.0,
      2599.0,
      2196.0,
      1596.0,
      1210.0,
      2083.0,
      2144.0,
      2047.0,
      1904.0,
      1637.0,
      937.0,
      2033.0,
      2236.0,
      660.0,
      2355.0,
      2054.0
    ],
    [
      1566.0,
      852.0,
      2153.0,
      2241.0,
      1425.0,
      0.0,
      1324.0,
      1857.0,
      2126.0,
      1729.0,
      2051.0,
      1843.0,
      1493.0,
      1301.0,
      2232.0,
      1639.0,
      1373.0,
      1849.0,
      2044.0,
      1701.0,
      2946.0,
      1849.0,
      1889.0,
      1480.0,
      1351.0,
      1947.0,
      2383.0,
      1723.0,
      1813.0,
      2411.0,
      2715.0,
      2211.0,
      2280.0,
      2218.0,
      1595.0,
      2480.0,
      1007.0
    ],
    [
      2180.0,
      1837.0,
      2039.0,
      1898.0,
      1774.0,
      1324.0,
      0.0,
      2169.0,
      2197.0,
      1987.0,
      2783.0,
      1595.0,
      2963.0,
      2187.0,
      2121.0,
      2714.0,
      1796.0,
      2368.0,
      2218.0,
      1853.0,
      1916.0,
      1801.0,
      2580.0,
      1819.0,
      2683.0,
      2270.0,
      2023.0,
      1455.0,
      2170.0,
      1910.0,
      1435.0,
      1655.0,
      2307.0,
      2822.0,
      2203.0,
      2180.0,
      2642.0
    ],
    [
      2255.0,
      2909.0,
      1393.0,
      2136.0,
      2368.0,
      1857.0,
      2169.0,
      0.0,
      2644.0,
      2000.0,
      2485.0,
      1815.0,
      2006.0,
      1808.0,
      2092.0,
      1871.0,
      2427.0,
      2292.0,
      1537.0,
      2118.0,
      1706.0,
      1265.0,
      2041.0,
      2143.0,
      2922.0,
      1509.0,
      2017.0,
      2865.0,
      2399.0,
      2678.0,
      2673.0,
      1612.0,
      1430.0,
      1669.0,
      1302.0,
      2236.0,
      2306.0
    ],
    [
      3029.0,
      2968.0,
      1509.0,
      2720.0,
      2809.0,
      2126.0,
      2197.0,
      2644.0,
      0.0,
      2373.0,
      2078.0,
      1386.0,
      1840.0,
      2393.0,
      2160.0,
      2962.0,
      2302.0,
      2495.0,
      2000.0,
      2052.0,
      2171.0,
      2658.0,
      2941.0,
      2239.0,
      1788.0,
      1776.0,
      1870.0,
      1472.0,
      2325.0,
      1263.0,
      977.0,
      1425.0,
      1929.0,
      2028.0,
      1992.0,
      1743.0,
      2089.0
    ],
    [
      1596.0,
      1886.0,
      1970.0,
      1596.0,
      2282.0,
      1729.0,
      1987.0,
      2000.0,
      2373.0,
      0.0,
      2072.0,
      2269.0,
      1726.0,
      2550.0,
      2539.0,
      2383.0,
      2041.0,
      3073.0,
      1927.0,
      1401.0,
      1447.0,
      1450.0,
      1607.0,
      1909.0,
      2045.0,
      1709.0,
      682.0,
      1582.0,
      1787.0,
      2145.0,
      2750.0,
      2411.0,
      2379.0,
      1903.0,
      1439.0,
      1512.0,
      2854.0
    ],
    [
      1792.0,
      2324.0,
      2073.0,
      2143.0,
      2415.0,
      2051.0,
      2783.0,
      2485.0,
      2078.0,
      2072.0,
      0.0,
      2334.0,
      2835.0,
      2632.0,
      1305.0,
      1685.0,
      2760.0,
      2965.0,
      2909.0,
      3345.0,
      1792.0,
      2183.0,
      2304.0,
      1632.0,
      2869.0,
      2562.0,
      3045.0,
      3204.0,
      2462.0,
      2027.0,
      2235.0,
      1731.0,
      1343.0,
      2029.0,
      1897.0,
      2879.0,
      1215.0
    ],
    [
      2572.0,
      1143.0,
      1312.0,
      2052.0,
      2021.0,
      1843.0,
      1595.0,
      1815.0,
      1386.0,
      2269.0,
      2334.0,
      0.0,
      1368.0,
      1008.0,
      2121.0,
      1427.0,
      2235.0,
      2311.0,
      1998.0,
      2165.0,
      1379.0,
      2358.0,
      1604.0,
      2682.0,
      1947.0,
      1533.0,
      2374.0,
      2429.0,
      1883.0,
      3130.0,
      977.0,
      1528.0,
      2135.0,
      2443.0,
      2796.0,
      1918.0,
      1552.0
    ],
    [
      2205.0,
      1977.0,
      3012.0,
      2614.0,
      2202.0,
      1493.0,
      2963.0,
      2006.0,
      1840.0,
      1726.0,
      2835.0,
      1368.0,
      0.0,
      2768.0,
      2232.0,
      2083.0,
      2278.0,
      3479.0,
      1620.0,
      1711.0,
      2922.0,
      1393.0,
      1449.0,
      1938.0,
      1355.0,
      2209.0,
      2157.0,
      980.0,
      2506.0,
      1648.0,
      2439.0,
      1755.0,
      1899.0,
      1766.0,
      1582.0,
      2043.0,
      2861.0
    ],
    [
      3548.0,
      2345.0,
      3072.0,
      1878.0,
      2956.0,
      1301.0,
      2187.0,
      1808.0,
      2393.0,
      2550.0,
      2632.0,
      1008.0,
      2768.0,
      0.0,
      853.0,
      1562.0,
      1510.0,
      1475.0,
      2102.0,
      2313.0,
      2114.0,
      1502.0,
      2365.0,
      1796.0,
      1383.0,
      1496.0,
      1903.0,
      1783.0,
      799.0,
      2337.0,
      1374.0,
      1557.0,
      1396.0,
      2498.0,
      2263.0,
      1746.0,
      2036.0
    ],
    [
      1052.0,
      1442.0,
      1386.0,
      1682.0,
      1751.0,
      2232.0,
      2121.0,
      2092.0,
      2160.0,
      2539.0,
      1305.0,
      2121.0,
      2232.0,
      853.0,
      0.0,
      2393.0,
      2137.0,
      2916.0,
      1552.0,
      1449.0,
      1819.0,
      2346.0,
      2818.0,
      2654.0,
      1808.0,
      2074.0,
      2021.0,
      926.0,
      1564.0,
      1774.0,
      2242.0,
      2151.0,
      1753.0,
      2132.0,
      2498.0,
      2086.0,
      2534.0
    ],
    [
      1302.0,
      2655.0,
      2037.0,
      1646.0,
      2120.0,
      1639.0,
      2714.0,
      1871.0,
      2962.0,
      2383.0,
      1685.0,
      1427.0,
      2083.0,
      1562.0,
      2393.0,
      0.0,
      1891.0,
      1874.0,
      1873.0,
      2000.0,
      2031.0,
      1394.0,
      2694.0,
      2231.0,
      2520.0,
      1521.0,
      2255.0,
      1082.0,
      1905.0,
      1938.0,
      1725.0,
      1635.0,
      1198.0,
      1892.0,
      1557.0,
      1671.0,
      1375.0
    ],
    [
      2140.0,
      1681.0,
      2364.0,
      2273.0,
      2022.0,
      1373.0,
      1796.0,
      2427.0,
      2302.0,
      2041.0,
      2760.0,
      2235.0,
      2278.0,
      1510.0,
      2137.0,
      1891.0,
      0.0,
      2070.0,
      2165.0,
      2620.0,
      1724.0,
      1276.0,
      2583.0,
      1485.0,
      870.0,
      2015.0,
      1720.0,
      2113.0,
      1692.0,
      854.0,
      1793.0,
      1379.0,
      1839.0,
      2342.0,
      1049.0,
      2202.0,
      1115.0
    ],
    [
      1676.0,
      2241.0,
      1873.0,
      2360.0,
      1892.0,
      1849.0,
      2368.0,
      2292.0,
      2495.0,
      3073.0,
      2965.0,
      2311.0,
      3479.0,
      1475.0,
      2916.0,
      1874.0,
      2070.0,
      0.0,
      2557.0,
      1687.0,
      1797.0,
      1452.0,
      2506.0,
      500.0,
      2570.0,
      2328.0,
      1312.0,
      1823.0,
      2030.0,
      2289.0,
      1680.0,
      1537.0,
      2585.0,
      1783.0,
      1766.0,
      1882.0,
      1960.0
    ],
    [
      1680.0,
      1722.0,
      2258.0,
      2225.0,
      1459.0,
      2044.0,
      2218.0,
      1537.0,
      2000.0,
      1927.0,
      2909.0,
      1998.0,
      1620.0,
      2102.0,
      1552.0,
      1873.0,
      2165.0,
      2557.0,
      0.0,
      1252.0,
      1495.0,
      1716.0,
      2823.0,
      2744.0,
      2073.0,
      2391.0,
      2577.0,
      2205.0,
      2226.0,
      1559.0,
      1670.0,
      1766.0,
      1683.0,
      1936.0,
      1818.0,
      2014.0,
      1875.0
    ],
    [
      3278.0,
      2452.0,
      1597.0,
      1750.0,
      2090.0,
      1701.0,
      1853.0,
      2118.0,
      2052.0,
      1401.0,
      3345.0,
      2165.0,
      1711.0,
      2313.0,
      1449.0,
      2000.0,
      2620.0,
      1687.0,
      1252.0,
      0.0,
      1477.0,
      1051.0,
      1575.0,
      2524.0,
      1786.0,
      2258.0,
      1948.0,
      2335.0,
      1116.0,
      1686.0,
      1320.0,
      2200.0,
      2830.0,
      1599.0,
      1851.0,
      1237.0,
      1049.0
    ],
    [
      2659.0,
      3054.0,
      1114.0,
      2515.0,
      2084.0,
      2946.0,
      1916.0,
      1706.0,
      2171.0,
      1447.0,
      1792.0,
      1379.0,
      2922.0,
      2114.0,
      1819.0,
      2031.0,
      1724.0,
      1797.0,
      1495.0,
      1477.0,
      0.0,
      2426.0,
      2887.0,
      1288.0,
      1258.0,
      1433.0,
      1284.0,
      2236.0,
      1419.0,
      2766.0,
      1927.0,
      1774.0,
      2330.0,
      2288.0,
      2855.0,
      1773.0,
      985.0
    ],
    [
      1330.0,
      1479.0,
      2684.0,
      2301.0,
      1450.0,
      1849.0,
      1801.0,
      1265.0,
      2658.0,
      1450.0,
      2183.0,
      2358.0,
      1393.0,
      1502.0,
      2346.0,
      1394.0,
      1276.0,
      1452.0,
      1716.0,
      1051.0,
      2426.0,
      0.0,
      2081.0,
      1262.0,
      1033.0,
      2557.0,
      2321.0,
      2099.0,
      2453.0,
      2432.0,
      1353.0,
      1191.0,
      1628.0,
      1975.0,
      1678.0,
      2596.0,
      1767.0
    ],
    [
      2602.0,
      2543.0,
      1869.0,
      2308.0,
      2599.0,
      1889.0,
      2580.0,
      2041.0,
      2941.0,
      1607.0,
      2304.0,
      1604.0,
      1449.0,
      2365.0,
      2818.0,
      2694.0,
      2583.0,
      2506.0,
      2823.0,
      1575.0,
      2887.0,
      2081.0,
      0.0,
      1803.0,
      1506.0,
      2046.0,
      1380.0,
      2081.0,
      1215.0,
      2830.0,
      3120.0,
      892.0,
      1586.0,
      2431.0,
      1969.0,
      2004.0,
      2243.0
    ],
    [
      2470.0,
      2253.0,
      1902.0,
      2022.0,
      2196.0,
      1480.0,
      1819.0,
      2143.0,
      2239.0,
      1909.0,
      1632.0,
      2682.0,
      1938.0,
      1796.0,
      2654.0,
      2231.0,
      1485.0,
      500.0,
      2744.0,
      2524.0,
      1288.0,
      1262.0,
      1803.0,
      0.0,
      2355.0,
      1809.0,
      1259.0,
      1693.0,
      2213.0,
      2649.0,
      2580.0,
      2385.0,
      2610.0,
      2211.0,
      2287.0,
      2131.0,
      2685.0
    ],
    [
      1602.0,
      2749.0,
      1876.0,
      1424.0,
      1596.0,
      1351.0,
      2683.0,
      2922.0,
      1788.0,
      2045.0,
      2869.0,
      1947.0,
      1355.0,
      1383.0,
      1808.0,
      2520.0,
      870.0,
      2570.0,
      2073.0,
      1786.0,
      1258.0,
      1033.0,
      1506.0,
      2355.0,
      0.0,
      2864.0,
      2333.0,
      1786.0,
      2086.0,
      1874.0,
      2169.0,
      2448.0,
      1998.0,
      2327.0,
      2578.0,
      2355.0,
      2445.0
    ],
    [
      1887.0,
      1541.0,
      2180.0,
      1873.0,
      1210.0,
      1947.0,
      2270.0,
      1509.0,
      1776.0,
      1709.0,
      2562.0,
      1533.0,
      2209.0,
      1496.0,
      2074.0,
      1521.0,
      2015.0,
      2328.0,
      2391.0,
      2258.0,
      1433.0,
      2557.0,
      2046.0,
      1809.0,
      2864.0,
      0.0,
      1898.0,
      1985.0,
      1298.0,
      2409.0,
      1277.0,
      2193.0,
      1289.0,
      1642.0,
      1668.0,
      1914.0,
      1943.0
    ],
    [
      1809.0,
      2466.0,
      2324.0,
      1932.0,
      2083.0,
      2383.0,
      2023.0,
      2017.0,
      1870.0,
      682.0,
      3045.0,
      2374.0,
      2157.0,
      1903.0,
      2021.0,
      2255.0,
      1720.0,
      1312.0,
      2577.0,
      1948.0,
      1284.0,
      2321.0,
      1380.0,
      1259.0,
      2333.0,
      1898.0,
      0.0,
      1588.0,
      2422.0,
      2575.0,
      1535.0,
      2016.0,
      1887.0,
      1630.0,
      1586.0,
      3078.0,
      2510.0
    ],
    [
      2276.0,
      1633.0,
      2395.0,
      1949.0,
      2144.0,
      1723.0,
      1455.0,
      2865.0,
      1472.0,
      1582.0,
      3204.0,
      2429.0,
      980.0,
      1783.0,
      926.0,
      1082.0,
      2113.0,
      1823.0,
      2205.0,
      2335.0,
      2236.0,
      2099.0,
      2081.0,
      1693.0,
      1786.0,
      1985.0,
      1588.0,
      0.0,
      2540.0,
      1197.0,
      2009.0,
      1763.0,
      1629.0,
      2464.0,
      2134.0,
      1632.0,
      1574.0
    ],
    [
      2737.0,
      2129.0,
      2199.0,
      2673.0,
      2047.0,
      1813.0,
      2170.0,
      2399.0,
      2325.0,
      1787.0,
      2462.0,
      1883.0,
      2506.0,
      799.0,
      1564.0,
      1905.0,
      1692.0,
      2030.0,
      2226.0,
      1116.0,
      1419.0,
      2453.0,
      1215.0,
      2213.0,
      2086.0,
      1298.0,
      2422.0,
      2540.0,
      0.0,
      2248.0,
      2534.0,
      2011.0,
      1058.0,
      1380.0,
      2245.0,
      3014.0,
      1479.0
    ],
    [
      1656.0,
      2547.0,
      2868.0,
      1918.0,
      1904.0,
      2411.0,
      1910.0,
      2678.0,
      1263.0,
      2145.0,
      2027.0,
      3130.0,
      1648.0,
      2337.0,
      1774.0,
      1938.0,
      854.0,
      2289.0,
      1559.0,
      1686.0,
      2766.0,
      2432.0,
      2830.0,
      2649.0,
      1874.0,
      2409.0,
      2575.0,
      1197.0,
      2248.0,
      0.0,
      1444.0,
      1910.0,
      2198.0,
      1934.0,
      920.0,
      1760.0,
      2829.0
    ],
    [
      1890.0,
      1775.0,
      2119.0,
      2420.0,
      1637.0,
      2715.0,
      1435.0,
      2673.0,
      977.0,
      2750.0,
      2235.0,
      977.0,
      2439.0,
      1374.0,
      2242.0,
      1725.0,
      1793.0,
      1680.0,
      1670.0,
      1320.0,
      1927.0,
      1353.0,
      3120.0,
      2580.0,
      2169.0,
      1277.0,
      1535.0,
      2009.0,
      2534.0,
      1444.0,
      0.0,
      1894.0,
      2336.0,
      1524.0,
      1809.0,
      1688.0,
      2581.0
    ],
    [
      2136.0,
      1694.0,
      1909.0,
      2293.0,
      937.0,
      2211.0,
      1655.0,
      1612.0,
      1425.0,
      2411.0,
      1731.0,
      1528.0,
      1755.0,
      1557.0,
      2151.0,
      1635.0,
      1379.0,
      1537.0,
      1766.0,
      2200.0,
      1774.0,
      1191.0,
      892.0,
      2385.0,
      2448.0,
      2193.0,
      2016.0,
      1763.0,
      2011.0,
      1910.0,
      1894.0,
      0.0,
      1314.0,
      1673.0,
      1841.0,
      2164.0,
      1644.0
    ],
    [
      1619.0,
      2283.0,
      2725.0,
      2309.0,
      2033.0,
      2280.0,
      2307.0,
      1430.0,
      1929.0,
      2379.0,
      1343.0,
      2135.0,
      1899.0,
      1396.0,
      1753.0,
      1198.0,
      1839.0,
      2585.0,
      1683.0,
      2830.0,
      2330.0,
      1628.0,
      1586.0,
      2610.0,
      1998.0,
      1289.0,
      1887.0,
      1629.0,
      1058.0,
      2198.0,
      2336.0,
      1314.0,
      0.0,
      2062.0,
      617.0,
      2522.0,
      2472.0
    ],
    [
      1866.0,
      1777.0,
      2260.0,
      2376.0,
      2236.0,
      2218.0,
      2822.0,
      1669.0,
      2028.0,
      1903.0,
      2029.0,
      2443.0,
      1766.0,
      2498.0,
      2132.0,
      1892.0,
      2342.0,
      1783.0,
      1936.0,
      1599.0,
      2288.0,
      1975.0,
      2431.0,
      2211.0,
      2327.0,
      1642.0,
      1630.0,
      2464.0,
      1380.0,
      1934.0,
      1524.0,
      1673.0,
      2062.0,
      0.0,
      2184.0,
      1560.0,
      2233.0
    ],
    [
      2355.0,
      2301.0,
      2467.0,
      1719.0,
      660.0,
      1595.0,
      2203.0,
      1302.0,
      1992.0,
      1439.0,
      1897.0,
      2796.0,
      1582.0,
      2263.0,
      2498.0,
      1557.0,
      1049.0,
      1766.0,
      1818.0,
      1851.0,
      2855.0,
      1678.0,
      1969.0,
      2287.0,
      2578.0,
      1668.0,
      1586.0,
      2134.0,
      2245.0,
      920.0,
      1809.0,
      1841.0,
      617.0,
      2184.0,
      0.0,
      1298.0,
      2026.0
    ],
    [
      1494.0,
      3125.0,
      1562.0,
      1113.0,
      2355.0,
      2480.0,
      2180.0,
      2236.0,
      1743.0,
      1512.0,
      2879.0,
      1918.0,
      2043.0,
      1746.0,
      2086.0,
      1671.0,
      2202.0,
      1882.0,
      2014.0,
      1237.0,
      1773.0,
      2596.0,
      2004.0,
      2131.0,
      2355.0,
      1914.0,
      3078.0,
      1632.0,
      3014.0,
      1760.0,
      1688.0,
      2164.0,
      2522.0,
      1560.0,
      1298.0,
      0.0,
      1728.0
    ],
    [
      2703.0,
      2021.0,
      1935.0,
      945.0,
      2054.0,
      1007.0,
      2642.0,
      2306.0,
      2089.0,
      2854.0,
      1215.0,
      1552.0,
      2861.0,
      2036.0,
      2534.0,
      1375.0,
      1115.0,
      1960.0,
      1875.0,
      1049.0,
      985.0,
      1767.0,
      2243.0,
      2685.0,
      2445.0,
      1943.0,
      2510.0,
      1574.0,
      1479.0,
      2829.0,
      2581.0,
      1644.0,
      2472.0,
      2233.0,
      2026.0,
      1728.0,
      0.0
    ]
  ],
  "time_matrix": [
    [
      0,
      235,
      127,
      220,
      152,
      187,
      261,
      270,
      363,
      191,
      215,
      308,
      264,
      425,
      126,
      156,
      256,
      201,
      201,
      393,
      319,
      159,
      312,
      296,
      192,
      226,
      217,
      273,
      328,
      198,
      226,
      256,
      194,
      224,
      282,
      179,
      324
    ],
    [
      235,
      0,
      300,
      281,
      222,
      102,
      220,
      349,
      356,
      226,
      278,
      137,
      237,
      281,
      173,
      318,
      201,
      269,
      206,
      294,
      366,
      177,
      305,
      270,
      330,
      184,
      296,
      196,
      255,
      305,
      213,
      203,
      274,
      213,
      276,
      375,
      242
    ],
    [
      127,
      300,
      0,
      168,
      172,
      258,
      244,
      167,
      181,
      236,
      248,
      157,
      361,
      368,
      166,
      244,
      283,
      224,
      271,
      191,
      133,
      322,
      224,
      228,
      225,
      261,
      278,
      287,
      263,
      344,
      254,
      229,
      327,
      271,
      296,
      187,
      232
    ],
    [
      220,
      281,
      168,
      0,
      167,
      269,
      227,
      256,
      326,
      191,
      257,
      246,
      313,
      225,
      201,
      197,
      272,
      283,
      267,
      210,
      301,
      276,
      277,
      242,
      170,
      224,
      231,
      233,
      320,
      230,
      290,
      275,
      277,
      285,
      206,
      133,
      113
    ],
    [
      152,
      222,
      172,
      167,
      0,
      171,
      212,
      284,
      337,
      273,
      289,
      242,
      264,
      354,
      210,
      254,
      242,
      227,
      175,
      250,
      250,
      174,
      312,
      263,
      191,
      145,
      250,
      257,
      245,
      228,
      196,
      112,
      244,
      268,
      79,
      282,
      246
    ],
    [
      187,
      102,
      258,
      269,
      171,
      0,
      158,
      222,
      255,
      207,
      246,
      221,
      179,
      156,
      267,
      196,
      164,
      221,
      245,
      204,
      353,
      221,
      226,
      177,
      162,
      233,
      286,
      206,
      217,
      289,
      325,
      265,
      273,
      266,
      191,
      297,
      120
    ],
    [
      261,
      220,
      244,
      227,
      212,
      158,
      0,
      260,
      263,
      238,
      334,
      191,
      355,
      262,
      254,
      325,
      215,
      284,
      266,
      222,
      230,
      216,
      309,
      218,
      322,
      272,
      242,
      174,
      260,
      229,
      172,
      198,
      276,
      338,
      264,
      261,
      317
    ],
    [
      270,
      349,
      167,
      256,
      284,
      222,
      260,
      0,
      317,
      240,
      298,
      217,
      240,
      217,
      251,
      224,
      291,
      275,
      184,
      254,
      204,
      151,
      245,
      257,
      350,
      181,
      242,
      343,
      287,
      321,
      320,
      193,
      171,
      200,
      156,
      268,
      276
    ],
    [
      363,
      356,
      181,
      326,
      337,
      255,
      263,
      317,
      0,
      284,
      249,
      166,
      220,
      287,
      259,
      355,
      276,
      299,
      240,
      246,
      260,
      319,
      353,
      268,
      214,
      213,
      224,
      176,
      279,
      151,
      117,
      171,
      231,
      243,
      239,
      209,
      250
    ],
    [
      191,
      226,
      236,
      191,
      273,
      207,
      238,
      240,
      284,
      0,
      248,
      272,
      207,
      306,
      304,
      286,
      245,
      368,
      231,
      168,
      173,
      174,
      192,
      229,
      245,
      205,
      81,
      189,
      214,
      257,
      330,
      289,
      285,
      228,
      172,
      181,
      342
    ],
    [
      215,
      278,
      248,
      257,
      289,
      246,
      334,
      298,
      249,
      248,
      0,
      280,
      340,
      315,
      156,
      202,
      331,
      355,
      349,
      401,
      215,
      262,
      276,
      195,
      344,
      307,
      365,
      384,
      295,
      243,
      268,
      207,
      161,
      243,
      227,
      345,
      145
    ],
    [
      308,
      137,
      157,
      246,
      242,
      221,
      191,
      217,
      166,
      272,
      280,
      0,
      164,
      121,
      254,
      171,
      268,
      277,
      239,
      259,
      165,
      283,
      192,
      321,
      233,
      184,
      284,
      291,
      226,
      375,
      117,
      183,
      256,
      293,
      335,
      230,
      186
    ],
    [
      264,
      237,
      361,
      313,
      264,
      179,
      355,
      240,
      220,
      207,
      340,
      164,
      0,
      332,
      267,
      250,
      273,
      417,
      194,
      205,
      350,
      167,
      173,
      232,
      162,
      265,
      258,
      117,
      300,
      197,
      292,
      210,
      227,
      212,
      189,
      245,
      343
    ],
    [
      425,
      281,
      368,
      225,
      354,
      156,
      262,
      217,
      287,
      306,
      315,
      121,
      332,
      0,
      102,
      187,
      181,
      177,
      252,
      277,
      253,
      180,
      283,
      215,
      166,
      179,
      228,
      214,
      95,
      280,
      164,
      186,
      167,
      299,
      271,
      209,
      244
    ],
    [
      126,
      173,
      166,
      201,
      210,
      267,
      254,
      251,
      259,
      304,
      156,
      254,
      267,
      102,
      0,
      287,
      256,
      350,
      186,
      173,
      218,
      281,
      338,
      318,
      217,
      248,
      242,
      111,
      187,
      212,
      269,
      258,
      210,
      255,
      299,
      250,
      304
    ],
    [
      156,
      318,
      244,
      197,
      254,
      196,
      325,
      224,
      355,
      286,
      202,
      171,
      250,
      187,
      287,
      0,
      227,
      224,
      224,
      240,
      243,
      167,
      323,
      267,
      302,
      182,
      270,
      129,
      228,
      232,
      207,
      196,
      143,
      227,
      186,
      200,
      165
    ],
    [
      256,
      201,
      283,
      272,
      242,
      164,
      215,
      291,
      276,
      245,
      331,
      268,
      273,
      181,
      256,
      227,
      0,
      248,
      259,
      314,
      206,
      153,
      310,
      178,
      104,
      241,
      206,
      253,
      203,
      102,
      215,
      165,
      220,
      281,
      125,
      264,
      133
    ],
    [
      201,
      269,
      224,
      283,
      227,
      221,
      284,
      275,
      299,
      368,
      355,
      277,
      417,
      177,
      350,
      224,
      248,
      0,
      306,
      202,
      215,
      174,
      300,
      60,
      308,
      279,
      157,
      218,
      243,
      274,
      201,
      184,
      310,
      214,
      212,
      225,
      235
    ],
    [
      201,
      206,
      271,
      267,
      175,
      245,
      266,
      184,
      240,
      231,
      349,
      239,
      194,
      252,
      186,
      224,
      259,
      306,
      0,
      150,
      179,
      206,
      338,
      329,
      248,
      287,
      309,
      264,
      267,
      187,
      200,
      212,
      202,
      232,
      218,
      241,
      225
    ],
    [
      393,
      294,
      191,
      210,
      250,
      204,
      222,
      254,
      246,
      168,
      401,
      259,
      205,
      277,
      173,
      240,
      314,
      202,
      150,
      0,
      177,
      126,
      189,
      303,
      214,
      271,
      233,
      280,
      133,
      202,
      158,
      264,
      339,
      191,
      222,
      148,
      125
    ],
    [
      319,
      366,
      133,
      301,
      250,
      353,
      230,
      204,
      260,
      173,
      215,
      165,
      350,
      253,
      218,
      243,
      206,
      215,
      179,
      177,
      0,
      291,
      346,
      154,
      151,
      172,
      154,
      268,
      170,
      332,
      231,
      212,
      279,
      274,
      342,
      212,
      118
    ],
    [
      159,
      177,
      322,
      276,
      174,
      221,
      216,
      151,
      319,
      174,
      262,
      283,
      167,
      180,
      281,
      167,
      153,
      174,
      206,
      126,
      291,
      0,
      249,
      151,
      124,
      306,
      278,
      251,
      294,
      291,
      162,
      142,
      195,
      237,
      201,
      311,
      212
    ],
    [
      312,
      305,
      224,
      277,
      312,
      226,
      309,
      245,
      353,
      192,
      276,
      192,
      173,
      283,
      338,
      323,
      310,
      300,
      338,
      189,
      346,
      249,
      0,
      216,
      180,
      245,
      165,
      249,
      145,
      339,
      374,
      107,
      190,
      291,
      236,
      240,
      269
    ],
    [
      296,
      270,
      228,
      242,
      263,
      177,
      218,
      257,
      268,
      229,
      195,
      321,
      232,
      215,
      318,
      267,
      178,
      60,
      329,
      303,
      154,
      151,
      216,
      0,
      282,
      217,
      151,
      203,
      265,
      318,
      309,
      286,
      313,
      265,
      274,
      255,
      322
    ],
    [
      192,
      330,
      225,
      170,
      191,
      162,
      322,
      350,
      214,
      245,
      344,
      233,
      162,
      166,
      217,
      302,
      104,
      308,
      248,
      214,
      151,
      124,
      180,
      282,
      0,
      343,
      280,
      214,
      250,
      224,
      260,
      293,
      239,
      279,
      309,
      282,
      293
    ],
    [
      226,
      184,
      261,
      224,
      145,
      233,
      272,
      181,
      213,
      205,
      307,
      184,
      265,
      179,
      248,
      182,
      241,
      279,
      287,
      271,
      172,
      306,
      245,
      217,
      343,
      0,
      227,
      238,
      155,
      289,
      153,
      263,
      154,
      197,
      200,
      229,
      233
    ],
    [
      217,
      296,
      278,
      231,
      250,
      286,
      242,
      242,
      224,
      81,
      365,
      284,
      258,
      228,
      242,
      270,
      206,
      157,
      309,
      233,
      154,
      278,
      165,
      151,
      280,
      227,
      0,
      190,
      290,
      309,
      184,
      242,
      226,
      195,
      190,
      369,
      301
    ],
    [
      273,
      196,
      287,
      233,
      257,
      206,
      174,
      343,
      176,
      189,
      384,
      291,
      117,
      214,
      111,
      129,
      253,
      218,
      264,
      280,
      268,
      251,
      249,
      203,
      214,
      238,
      190,
      0,
      304,
      143,
      241,
      211,
      195,
      295,
      256,
      195,
      188
    ],
    [
      328,
      255,
      263,
      320,
      245,
      217,
      260,
      287,
      279,
      214,
      295,
      226,
      300,
      95,
      187,
      228,
      203,
      243,
      267,
      133,
      170,
      294,
      145,
      265,
      250,
      155,
      290,
      304,
      0,
      269,
      304,
      241,
      127,
      165,
      269,
      361,
      177
    ],
    [
      198,
      305,
      344,
      230,
      228,
      289,
      229,
      321,
      151,
      257,
      243,
      375,
      197,
      280,
      212,
      232,
      102,
      274,
      187,
      202,
      332,
      291,
      339,
      318,
      224,
      289,
      309,
      143,
      269,
      0,
      173,
      229,
      263,
      232,
      110,
      211,
      339
    ],
    [
      226,
      213,
      254,
      290,
      196,
      325,
      172,
      320,
      117,
      330,
      268,
      117,
      292,
      164,
      269,
      207,
      215,
      201,
      200,
      158,
      231,
      162,
      374,
      309,
      260,
      153,
      184,
      241,
      304,
      173,
      0,
      227,
      280,
      182,
      217,
      202,
      309
    ],
    [
      256,
      203,
      229,
      275,
      112,
      265,
      198,
      193,
      171,
      289,
      207,
      183,
      210,
      186,
      258,
      196,
      165,
      184,
      212,
      264,
      212,
      142,
      107,
      286,
      293,
      263,
      242,
      211,
      241,
      229,
      227,
      0,
      157,
      200,
      221,
      259,
      197
    ],
    [
      194,
      274,
      327,
      277,
      244,
      273,
      276,
      171,
      231,
      285,
      161,
      256,
      227,
      167,
      210,
      143,
      220,
      310,
      202,
      339,
      279,
      195,
      190,
      313,
      239,
      154,
      226,
      195,
      127,
      263,
      280,
      157,
      0,
      247,
      74,
      302,
      296
    ],
    [
      224,
      213,
      271,
      285,
      268,
      266,
      338,
      200,
      243,
      228,
      243,
      293,
      212,
      299,
      255,
      227,
      281,
      214,
      232,
      191,
      274,
      237,
      291,
      265,
      279,
      197,
      195,
      295,
      165,
      232,
      182,
      200,
      247,
      0,
      262,
      187,
      268
    ],
    [
      282,
      276,
      296,
      206,
      79,
      191,
      264,
      156,
      239,
      172,
      227,
      335,
      189,
      271,
      299,
      186,
      125,
      212,
      218,
      222,
      342,
      201,
      236,
      274,
      309,
      200,
      190,
      256,
      269,
      110,
      217,
      221,
      74,
      262,
      0,
      155,
      243
    ],
    [
      179,
      375,
      187,
      133,
      282,
      297,
      261,
      268,
      209,
      181,
      345,
      230,
      245,
      209,
      250,
      200,
      264,
      225,
      241,
      148,
      212,
      311,
      240,
      255,
      282,
      229,
      369,
      195,
      361,
      211,
      202,
      259,
      302,
      187,
      155,
      0,
      207
    ],
    [
      324,
      242,
      232,
      113,
      246,
      120,
      317,
      276,
      250,
      342,
      145,
      186,
      343,
      244,
      304,
      165,
      133,
      235,
      225,
      125,
      118,
      212,
      269,
      322,
      293,
      233,
      301,
      188,
      177,
      339,
      309,
      197,
      296,
      268,
      243,
      207,
      0
    ]
  ],
  "is_mock": true,
  "metadata": {
    "created_at": "2025-08-13T10:41:13.129259",
    "locations_count": 37,
    "api_requests": 0,
    "traffic_aware": false
  }
}